Productor.C.254	POT.N.10.0	ID.N.10.0	Sup_ha.N.21.5	USO.C.254	Tiempo.C.254	FIJO.C.2	coef_oto.C.254	coef_inv.C.254	coef_pri.C.254	coef_ver.C.254	join_Clase.C.254	join_Buffe.N.10.0	distance.N.24.15	pendmean.N.24.15
39	1	1361	22.59041	Maiz (anual)	1	NO	0	0	0	2.23	Secundario	15	298.574827568272000	1.543159320980190
39	2	1363	25.16208	TR+Cebadilla (1° año)	1	NO	0.29	0.29	0.29	0.29	Primario	25	328.673990360932000	1.910849195676340
39	3	1365	22.13334	Maiz (anual)	1	NO	0	0	0	2.23	Primario	25	393.853731438101000	1.776673395492010
39	4	1367	19.55412	Achicoria (2° año)	2	NO	0.29	0.29	0.29	0.29	Secundario	15	33.530356885218500	1.966221082836530
39	5	1369	23.93532	Maiz (anual)	1	NO	0	0	0	2.23	Primario	25	881.551627080757000	1.620192499559250
39	6	1371	35.13564	Campo Natural	1	NO	0.06	0.06	0.06	0.06	Primario	25	13.421274681355700	1.292554358757720
39	7	1372	8.63286	Raigrás+TB+L (2° año)	2	NO	0.29	0.29	0.29	0.29	Secundario	15	445.501256119647000	1.338018691416870
39	8	1374	2.77426	Sorgo Forrajero (anual)	1	NO	0.58	0	0	0.58	Secundario	15	53.140839549942500	0.592676316838591
39	9	1375	11.35515	Alfalfa (1° año)	1	NO	0.29	0.29	0.29	0.29	Secundario	15	521.919377612526000	0.902596494226944
39	10	1377	6.60160	Campo Natural	1	NO	0.06	0.06	0.06	0.06	Secundario	15	101.003984264517000	0.928785516382897
39	11	1378	7.48091	Sorgo Forrajero (anual)	1	NO	0.58	0	0	0.58	Terciario	10	710.886794261747000	1.558736541756880
39	12	1379	7.38041	Sorgo Forrajero (anual)	1	NO	0.58	0	0	0.58	Terciario	10	255.426491568206000	1.215569076221440
39	13	1380	7.66541	Sorgo Forrajero (anual)	1	NO	0.58	0	0	0.58	Secundario	15	280.050901329629000	1.950454554338570
39	14	1382	10.55896	FE+TB+L (1° año)	1	NO	0.29	0.29	0.29	0.29	Secundario	15	247.807241743807000	0.599919732091372
39	16	1384	7.86726	FE+TB+L (3° año)	3	NO	0.29	0.29	0.29	0.29	Terciario	10	146.715253929355000	2.241857740012080
39	17	1386	7.57768	Campo Natural	1	NO	0.06	0.06	0.06	0.06	Terciario	10	68.423953456914000	1.156438426003750
39	18	1387	4.46366	Alfalfa (4° año)	4	NO	0.29	0.29	0.29	0.29	Terciario	10	123.475436742094000	2.680118429660800
39	19	1389	7.75460	Sorgo Forrajero (anual)	1	NO	0.58	0	0	0.58	Secundario	15	180.878555581220000	1.859542407709010
39	20	1390	1.84566	Raigrás+TB+L (1° año)	1	NO	0.29	0.29	0.29	0.29	Secundario	15	226.199093537974000	1.564979451043270
39	21	1391	4.66252	FE+TB+L (4° año)	4	NO	0.29	0.29	0.29	0.29	Secundario	15	127.985165723410000	2.626342990077460
39	22	1393	4.49354	Campo Natural	1	NO	0.06	0.06	0.06	0.06	Secundario	15	125.782578012548000	0.996999698189589
39	24	1396	2.43657	Campo Natural	1	NO	0.06	0.06	0.06	0.06	Secundario	15	25.625328062851900	1.210404398718050
39	27	1399	8.98780	FE+TB+L (2° año)	2	NO	0.29	0.29	0.29	0.29	Secundario	15	314.102490107113000	0.412028318047523
39	28	1400	4.93333	FE+TB+L (2° año)	2	NO	0.29	0.29	0.29	0.29	Secundario	15	156.330419414068000	1.630362857471810
39	29	1401	3.94825	FE+TB+L (4° año)	4	NO	0.29	0.29	0.29	0.29	Secundario	15	411.323895465581000	1.159825681962750
39	31	1403	2.24546	Moha (anual)	1	NO	0	0	0	1.16	Secundario	15	301.490029516548000	0.673260118674349
39	32	1405	3.71353	TR+Cebadilla (2° año)	2	NO	0.29	0.29	0.29	0.29	Secundario	15	94.820948305566600	3.371627279690330
39	33	1406	3.87716	TR+Cebadilla (2° año)	2	NO	0.29	0.29	0.29	0.29	Secundario	15	301.213977648027000	1.038364540512970
39	34	1407	3.52965	Moha (anual)	1	NO	0	0	0	1.16	Secundario	15	197.997350998935000	2.275828873238910
39	35	1409	4.14785	TR+Cebadilla (1° año)	1	NO	0.29	0.29	0.29	0.29	Secundario	15	141.448731958604000	0.924900986750921
39	36	1410	6.57805	FE+TB+L (1° año)	1	NO	0.29	0.29	0.29	0.29	Secundario	15	303.262155274490000	0.889797729253769
39	37	1411	3.48867	Moha (anual)	1	NO	0	0	0	1.16	Secundario	15	331.240687940701000	0.574110699005616
39	38	1412	6.11030	FE+TB+L (2° año)	2	NO	0.29	0.29	0.29	0.29	Secundario	15	136.786315900036000	2.452973466685840
39	39	1414	5.28843	Alfalfa (2° año)	2	NO	0.29	0.29	0.29	0.29	Secundario	15	2.123171646062670	1.904437131665900
39	41	1418	5.84001	FE+TB+L (3° año)	3	NO	0.29	0.29	0.29	0.29	Secundario	15	65.329991425164400	2.554145389236510
39	42	1420	5.39613	FE+TB+L (3° año)	3	NO	0.29	0.29	0.29	0.29	Secundario	15	29.322282111084000	1.803255086315090
39	43	1422	12.64379	Lotus Puro (3° año)	3	NO	0.29	0.29	0.29	0.29	Primario	25	597.956780017569000	1.793816757348210
39	44	1424	12.74863	TR+TB+Raigrás (2°año)	2	NO	0.29	0.29	0.29	0.29	Primario	25	854.974560722917000	2.549201336841210
39	45	1426	33.50488	Campo Natural	1	NO	0.06	0.06	0.06	0.06	Primario	25	540.327633336186000	1.370549876333250
39	46	1428	13.96466	Raigrás+TB+L (1° año)	1	NO	0.29	0.29	0.29	0.29	Primario	25	208.887712538220000	0.574163582998437
39	47	1430	9.47133	Campo Natural	1	NO	0.06	0.06	0.06	0.06	Secundario	15	79.116574545109700	0.987908951583363
39	48	1432	51.23215	Campo Natural	1	NO	0.06	0.06	0.06	0.06	Primario	25	246.965353677475000	0.399795822198139
39	49	1433	8.40113	Moha (anual)	1	NO	0	0	0	1.16	Secundario	15	243.513890123364000	1.537806134161200
39	50	1435	6.19708	Campo Natural	1	NO	0.06	0.06	0.06	0.06	Secundario	15	48.949679522463400	1.528165528739710
39	52	1438	4.36651	Alfalfa (4° año)	4	NO	0.29	0.29	0.29	0.29	Secundario	15	96.358289058448200	1.290028786172670
39	54	1440	6.87261	TR+TB+Raigrás (1° año)	1	NO	0.29	0.29	0.29	0.29	Terciario	10	464.888663199143000	2.144731116138010
39	55	1441	3.05672	FE+TB+L (4° año)	4	NO	0.29	0.29	0.29	0.29	Secundario	15	249.334891731265000	1.834850039212930
39	56	1443	4.74395	FE+TB+L (2° año)	2	NO	0.29	0.29	0.29	0.29	Secundario	15	40.894372067933000	1.403451927292810
39	57	1444	6.38822	TR+TB+Raigrás (1° año)	1	NO	0.29	0.29	0.29	0.29	Terciario	10	591.685350599801000	1.945972545693320
39	59	1446	11.60466	Lotus Puro (2° año)	2	NO	0.29	0.29	0.29	0.29	Secundario	15	501.512692165488000	0.845607625421628
39	60	1447	10.94881	Raigrás+TB+L (3° año)	3	NO	0.29	0.29	0.29	0.29	Secundario	15	553.698978215327000	1.534660181661780
39	61	1448	1.94906	Alfalfa (4° año)	4	NO	0.29	0.29	0.29	0.29	Secundario	15	349.123505290978000	0.535094321543432
38	1	1317	7.78077	Sorgo Forrajero (anual)	1	NO	0.58	0	0	0.58	Primario	25	443.953811468597000	0.897541639374362
38	3	1321	53.38348	Alfalfa (1° año)	1	NO	0.29	0.29	0.29	0.29	Secundario	15	250.213706901378000	1.302410179868090
38	4	1322	25.82228	FE+TB+L (4° año)	4	NO	0.29	0.29	0.29	0.29	Primario	25	369.352854438701000	0.830235745395820
38	5	1324	16.16996	FE+TB+L (4° año)	4	NO	0.29	0.29	0.29	0.29	Primario	25	253.981191329681000	1.186373136399440
38	6	1326	39.65043	Sorgo Forrajero (anual)	1	NO	0.58	0	0	0.58	Secundario	15	173.752111860285000	1.193620158323510
38	7	1328	16.76479	FE+TB+L (2° año)	2	NO	0.29	0.29	0.29	0.29	Terciario	10	341.440501099762000	0.821708186339307
38	8	1330	18.34160	Raigrás+TB+L (3° año)	3	NO	0.29	0.29	0.29	0.29	Terciario	10	153.302778328654000	0.912752863149441
38	9	1332	23.79967	Alfalfa (4° año)	4	NO	0.29	0.29	0.29	0.29	Terciario	10	275.506053871284000	1.398278169418920
38	10	1334	16.41650	FE+TB+L (2° año)	2	NO	0.29	0.29	0.29	0.29	Terciario	10	71.610876999849000	0.642031102144456
38	11	1336	19.37696	FE+TB+L (3° año)	3	NO	0.29	0.29	0.29	0.29	Terciario	10	183.807213887323000	0.821799875605245
38	12	1338	14.12729	Achicoria (2° año)	2	NO	0.29	0.29	0.29	0.29	Terciario	10	29.324102197963200	1.068041208824970
38	13	1340	11.18468	Achicoria (2° año)	2	NO	0.29	0.29	0.29	0.29	Terciario	10	144.292070102933000	0.868489585757256
38	14	1342	23.31258	FE+TB+L (3° año)	3	NO	0.29	0.29	0.29	0.29	Terciario	10	21.648703537584300	0.457739420350670
38	15	1344	31.62256	FE+TB+L (3° año)	3	NO	0.29	0.29	0.29	0.29	Terciario	10	21.879300465812600	2.138232607816590
38	16	1346	28.73597	Raigrás+TB+L (2° año)	2	NO	0.29	0.29	0.29	0.29	Terciario	10	114.349328730468000	1.920488831639850
38	17	1348	19.93785	Raigrás+TB+L (3° año)	3	NO	0.29	0.29	0.29	0.29	Terciario	10	285.228393794096000	0.713295778622050
38	18	1350	8.42821	FE+TB+L (1° año)	1	NO	0.29	0.29	0.29	0.29	Secundario	15	120.577536512768000	0.871021203773538
38	19	1352	20.58065	Raigrás+TB+L (3° año)	3	NO	0.29	0.29	0.29	0.29	Terciario	10	370.666623696067000	0.622975942059235
38	20	1353	12.71219	FE+TB+L (2° año)	2	NO	0.29	0.29	0.29	0.29	Secundario	15	218.548190508628000	1.372652278714620
38	21	1355	17.77712	Sorgo Forrajero (anual)	1	NO	0.58	0	0	0.58	Terciario	10	158.661169300823000	0.838380626484829
38	22	1357	4.44190	TR+Cebadilla (2° año)	2	NO	0.29	0.29	0.29	0.29	Primario	25	112.676808002474000	1.218997427877390
38	24	1359	6.25783	Sorgo Forrajero (anual)	1	NO	0.58	0	0	0.58	Primario	25	684.302353113862000	0.493363151167120
37	1	1260	11.41367	FE+TB+L (2° año)	2	NO	0.29	0.29	0.29	0.29	Secundario	15	142.297687170752000	0.612731433222218
37	2	1262	57.04044	TR+TB+Raigrás (1° año)	1	NO	0.29	0.29	0.29	0.29	Secundario	15	463.264128150528000	1.590459045037460
37	3	1263	19.16728	Sorgo Forrajero (anual)	1	NO	0.58	0	0	0.58	Secundario	15	341.498785227035000	1.361134114517080
37	4	1265	18.51026	FE+TB+L (3° año)	3	NO	0.29	0.29	0.29	0.29	Secundario	15	24.673885098314000	1.257959532867940
37	5	1267	30.49788	FE+TB+L (1° año)	1	NO	0.29	0.29	0.29	0.29	Secundario	15	1134.469725946710000	0.693002900574356
37	9	1275	26.72215	Alfalfa (2° año)	2	NO	0.29	0.29	0.29	0.29	Terciario	10	741.662218793133000	0.851764352036019
37	11	1279	24.78925	Alfalfa (4° año)	4	NO	0.29	0.29	0.29	0.29	Primario	25	467.602454213404000	1.037389886009390
37	12	1280	6.02919	Moha (anual)	1	NO	0	0	0	1.16	Terciario	10	162.610253732138000	0.405711019976121
37	13	1281	10.64380	Lotus Puro (3° año)	3	NO	0.29	0.29	0.29	0.29	Primario	25	898.890776688344000	0.884595970177099
37	16	1286	19.39528	Campo Natural	1	NO	0.06	0.06	0.06	0.06	Primario	25	390.355393639842000	1.014149865773920
37	17	1288	15.93789	Maiz (anual)	1	NO	0	0	0	2.23	Primario	25	607.341911508264000	1.550959185527810
37	20	1293	23.28356	FE+TB+L (1° año)	1	NO	0.29	0.29	0.29	0.29	Secundario	15	348.034436450551000	1.349375844204700
37	21	1295	13.37745	FE+TB+L (3° año)	3	NO	0.29	0.29	0.29	0.29	Primario	25	219.027577350024000	0.739259622220335
37	23	1299	21.44602	Sorgo Forrajero (anual)	1	NO	0.58	0	0	0.58	Terciario	10	261.750375595934000	0.725207076029126
37	25	1303	5.03997	TR+Cebadilla (1° año)	1	NO	0.29	0.29	0.29	0.29	Terciario	10	525.799841459338000	0.590566541327805
37	26	1305	11.68697	Sorgo Forrajero (anual)	1	NO	0.58	0	0	0.58	Secundario	15	26.259121045186000	1.227661945973520
37	27	1307	6.05466	FE+TB+L (2° año)	2	NO	0.29	0.29	0.29	0.29	Secundario	15	58.612617927259300	1.542405573354250
37	28	1308	4.83808	FE+TB+L (4° año)	4	NO	0.29	0.29	0.29	0.29	Terciario	10	429.448197722245000	0.764291392495999
37	29	1310	4.79362	TR+Cebadilla (1° año)	1	NO	0.29	0.29	0.29	0.29	Terciario	10	313.940724404732000	0.505455512840014
37	31	1313	18.71037	Maiz (anual)	1	NO	0	0	0	2.23	Primario	25	725.896908448703000	0.513299743467715
37	32	1314	28.47168	Maiz (anual)	1	NO	0	0	0	2.23	Secundario	15	235.880929377271000	1.406226980766860
37	33	1316	7.28225	FE+TB+L (2° año)	2	NO	0.29	0.29	0.29	0.29	Terciario	10	62.635299004522700	0.426077480359775
36	1	1220	18.89736	TR+TB+Raigrás (2°año)	2	NO	0.29	0.29	0.29	0.29	Primario	25	214.677939822918000	1.193786372021850
36	2	1222	19.70973	Sorgo Forrajero (anual)	1	NO	0.58	0	0	0.58	Primario	25	528.323074046580000	1.662937594511150
36	3	1224	17.53276	TR+TB+Raigrás (2°año)	2	NO	0.29	0.29	0.29	0.29	Secundario	15	31.032946319833300	1.530942358782420
36	4	1226	7.71162	Campo Natural	1	NO	0.06	0.06	0.06	0.06	Secundario	15	95.613365237899800	1.389713491531130
36	5	1227	12.58723	Sorgo Forrajero (anual)	1	NO	0.58	0	0	0.58	Terciario	10	628.847121963658000	0.830765624046258
36	6	1228	9.40638	Sorgo Forrajero (anual)	1	NO	0.58	0	0	0.58	Terciario	10	439.398923165285000	1.186103837388870
36	7	1230	4.28929	Campo Natural	1	NO	0.06	0.06	0.06	0.06	Secundario	15	22.372719492362600	1.041882489104660
36	8	1232	20.37731	FE+TB+L (2° año)	2	NO	0.29	0.29	0.29	0.29	Terciario	10	99.955747370088400	1.361757906251830
36	9	1234	21.44317	Maiz (anual)	1	NO	0	0	0	2.23	Cuaternario	10	267.220750632556000	1.514468124336450
36	10	1236	18.62877	FE+TB+L (4° año)	4	NO	0.29	0.29	0.29	0.29	Terciario	10	301.438350254939000	1.386803996659090
36	11	1238	4.70172	Campo Natural	1	NO	0.06	0.06	0.06	0.06	Terciario	10	59.531665701509400	2.011777418631090
36	12	1240	18.23844	Alfalfa (2° año)	2	NO	0.29	0.29	0.29	0.29	Terciario	10	139.563871397046000	0.651898437992829
36	13	1241	35.07829	Maiz (anual)	1	NO	0	0	0	2.23	Secundario	15	768.659523508261000	1.064099589462780
36	14	1242	12.45525	Maiz (anual)	1	NO	0	0	0	2.23	Terciario	10	309.483133485409000	1.259155804686470
36	15	1244	38.14454	Maiz (anual)	1	NO	0	0	0	2.23	Terciario	10	137.049256139887000	1.232374257840320
36	16	1246	10.58385	FE+TB+L (4° año)	4	NO	0.29	0.29	0.29	0.29	Secundario	15	160.080374416611000	0.870540406093125
36	17	1247	5.44191	Raigrás+TB+L (3° año)	3	NO	0.29	0.29	0.29	0.29	Secundario	15	205.928241629781000	1.334021185674980
36	18	1248	3.66144	TR+Cebadilla (1° año)	1	NO	0.29	0.29	0.29	0.29	Secundario	15	71.861780033376000	1.854205566483580
36	19	1250	24.21000	FE+TB+L (3° año)	3	NO	0.29	0.29	0.29	0.29	Terciario	10	250.607250362315000	0.927638868140357
36	20	1251	2.77818	Moha (anual)	1	NO	0	0	0	1.16	Terciario	10	124.244525776258000	1.522066940863930
36	21	1253	11.53598	FE+TB+L (3° año)	3	NO	0.29	0.29	0.29	0.29	Terciario	10	106.613464868167000	1.767106932543570
36	22	1254	10.08353	Alfalfa (1° año)	1	NO	0.29	0.29	0.29	0.29	Secundario	15	443.001017538224000	1.323968517394470
36	23	1256	21.50134	Sorgo Forrajero (anual)	1	NO	0.58	0	0	0.58	Terciario	10	253.233970372463000	1.526511309451110
36	24	1258	2.40115	Campo Natural	1	NO	0.06	0.06	0.06	0.06	Secundario	15	55.103600615552300	1.296185451745990
