Productor.C.254	POT.N.10.0	ID.N.10.0	Sup_ha.N.21.5	USO.C.254	Tiempo.C.254	FIJO.C.2	coef_oto.C.254	coef_inv.C.254	coef_pri.C.254	coef_ver.C.254	join_Clase.C.254	join_Buffe.N.10.0	distance.N.24.15	pendmean.N.24.15
13	1	300	9.58248	FE+TB+L (4° año)	4	NO	0.29	0.29	0.29	0.29	Primario	25	144.224901467598000	1.117819235875060
13	2	301	12.20758	Sorgo Forrajero (anual)	1	NO	0.58	0	0	0.58	Secundario	15	434.720549281114000	0.758819769739228
13	4	305	12.44663	FE+TB+L (4° año)	4	NO	0.29	0.29	0.29	0.29	Primario	25	464.567354753610000	0.361123488522432
13	5	307	20.57872	Sorgo Forrajero (anual)	1	NO	0.58	0	0	0.58	Primario	25	395.024924114724000	0.623091117184805
13	6	309	9.47219	TR+Cebadilla (2° año)	2	NO	0.29	0.29	0.29	0.29	Primario	25	758.201993328540000	1.145078912520640
13	7	311	11.67047	Sorgo Forrajero (anual)	1	NO	0.58	0	0	0.58	Secundario	15	265.199945333808000	1.499706954467950
13	8	313	15.67973	FE+TB+L (2° año)	2	NO	0.29	0.29	0.29	0.29	Secundario	15	114.168847836382000	1.512426532820750
13	9	314	7.17080	Sorgo Forrajero (anual)	1	NO	0.58	0	0	0.58	Secundario	15	480.135477198872000	0.745244860837731
13	10	315	17.35099	FE+TB+L (3° año)	3	NO	0.29	0.29	0.29	0.29	Secundario	15	311.644115808656000	0.825507858823313
13	11	317	14.97893	FE+TB+L (1° año)	1	NO	0.29	0.29	0.29	0.29	Primario	25	367.149420008219000	0.802233317629858
13	12	319	12.98331	Maiz (anual)	1	NO	0	0	0	2.23	Secundario	15	174.994313247709000	1.465595770834220
13	13	320	6.46925	Alfalfa (2° año)	2	NO	0.29	0.29	0.29	0.29	Secundario	15	158.539347349507000	1.756307423114780
13	14	322	3.53031	Achicoria (1° año)	1	NO	0.29	0.29	0.29	0.29	Primario	25	558.603305030263000	0.460692490140597
13	18	330	3.44663	Campo Natural	1	NO	0.06	0.06	0.06	0.06	Primario	25	658.384147854388000	0.886218997992967
13	21	334	10.20493	Maiz (anual)	1	NO	0	0	0	2.23	Terciario	10	871.827912435304000	0.952462663692711
13	22	336	21.00061	Sorgo Forrajero (anual)	1	NO	0.58	0	0	0.58	Secundario	15	150.917067359476000	1.102617952863540
13	23	337	5.90624	FE+TB+L (3° año)	3	NO	0.29	0.29	0.29	0.29	Secundario	15	695.794633092676000	1.523288164287810
14	1	340	8.74304	Alfalfa (1° año)	1	NO	0.29	0.29	0.29	0.29	Secundario	15	229.353123620143000	0.541150444676888
14	2	342	14.85947	Sorgo Forrajero (anual)	1	NO	0.58	0	0	0.58	Secundario	15	168.121221874584000	0.934225941996700
14	4	345	6.56339	Campo Natural	1	NO	0.06	0.06	0.06	0.06	Secundario	15	45.783906777803300	1.278225558499500
14	5	346	8.26460	Sorgo Forrajero (anual)	1	NO	0.58	0	0	0.58	Secundario	15	121.961928158702000	1.946778238518160
14	6	348	4.18311	Raigrás+TB+L (2° año)	2	NO	0.29	0.29	0.29	0.29	Secundario	15	8.432482128663820	1.634499430325300
14	7	350	18.60155	Alfalfa (3° año)	3	NO	0.29	0.29	0.29	0.29	Terciario	10	47.576007538868500	0.724234901006939
14	8	352	7.65088	Alfalfa (1° año)	1	NO	0.29	0.29	0.29	0.29	Secundario	15	106.640269575049000	0.972550317645073
14	9	354	4.04886	Alfalfa (1° año)	1	NO	0.29	0.29	0.29	0.29	Terciario	10	17.723725845835900	1.435277092787960
14	10	356	4.73746	Sorgo Forrajero (anual)	1	NO	0.58	0	0	0.58	Terciario	10	49.212800230544100	0.685448741821467
14	12	359	3.64181	Maiz (anual)	1	NO	0	0	0	2.23	Secundario	15	40.794796377865000	1.468914514309480
14	13	361	5.80187	Maiz (anual)	1	NO	0	0	0	2.23	Secundario	15	163.399652165328000	1.504207913171160
14	14	363	10.96105	Sorgo Forrajero (anual)	1	NO	0.58	0	0	0.58	Secundario	15	329.993052040918000	1.596744471043350
14	15	365	10.92205	Maiz (anual)	1	NO	0	0	0	2.23	Terciario	10	211.484497597083000	0.419689795903621
14	16	366	17.50248	Sorgo Forrajero (anual)	1	NO	0.58	0	0	0.58	Terciario	10	220.787040307590000	0.691065054186262
14	17	367	14.98616	FE+TB+L (2° año)	2	NO	0.29	0.29	0.29	0.29	Terciario	10	314.186743765080000	0.607480693939169
14	18	369	6.20355	TR+Cebadilla (1° año)	1	NO	0.29	0.29	0.29	0.29	Terciario	10	8.228639690839880	0.170185706362236
14	19	371	9.38560	TR+Cebadilla (1° año)	1	NO	0.29	0.29	0.29	0.29	Terciario	10	223.210018822595000	1.758162261088300
14	20	373	8.12116	Raigrás+TB+L (2° año)	2	NO	0.29	0.29	0.29	0.29	Secundario	15	45.233892188170900	1.154776744006840
14	21	374	17.85789	Maiz (anual)	1	NO	0	0	0	2.23	Terciario	10	388.616160253791000	1.280409827121560
14	23	377	16.87327	FE+TB+L (2° año)	2	NO	0.29	0.29	0.29	0.29	Secundario	15	204.122994516306000	0.767937030409175
15	1	381	39.48179	Maiz (anual)	1	NO	0	0	0	2.23	Primario	25	328.635968027489000	1.168756831837690
15	2	383	19.27541	FE+TB+L (4° año)	4	NO	0.29	0.29	0.29	0.29	Primario	25	276.862102827135000	2.157264580760430
15	3	384	12.91364	Alfalfa (2° año)	2	NO	0.29	0.29	0.29	0.29	Primario	25	660.972695585037000	0.781779255114601
15	4	385	4.51432	Sorgo Forrajero (anual)	1	NO	0.58	0	0	0.58	Primario	25	152.416687244356000	1.898401526843800
15	5	387	20.10764	Alfalfa (4° año)	4	NO	0.29	0.29	0.29	0.29	Primario	25	291.184476601058000	1.899592411428410
15	6	389	12.75073	Sorgo Forrajero (anual)	1	NO	0.58	0	0	0.58	Primario	25	344.749129365735000	2.592302142688030
15	7	391	7.90212	Sorgo Forrajero (anual)	1	NO	0.58	0	0	0.58	Primario	25	187.649188828645000	1.195722406313700
15	9	393	4.40572	Achicoria (1° año)	1	NO	0.29	0.29	0.29	0.29	Primario	25	372.842208774480000	1.105287324016290
15	10	395	6.58823	Campo Natural	1	NO	0.06	0.06	0.06	0.06	Primario	25	2.544205141718430	2.020137662092840
15	11	397	53.76814	Maiz (anual)	1	NO	0	0	0	2.23	Secundario	15	285.476594809377000	1.471831318584820
15	12	399	31.44270	FE+TB+L (2° año)	2	NO	0.29	0.29	0.29	0.29	Primario	25	577.735423168334000	2.144525256113440
16	1	400	9.69045	Alfalfa (4° año)	4	NO	0.29	0.29	0.29	0.29	Primario	25	1238.998962551320000	1.429333308711650
16	2	402	3.96941	Campo Natural	1	NO	0.06	0.06	0.06	0.06	Primario	25	103.189514431802000	0.844917965883558
16	3	403	8.51502	Sorgo Forrajero (anual)	1	NO	0.58	0	0	0.58	Terciario	10	563.846415105813000	0.569942511618137
16	4	404	6.83767	TR+Cebadilla (2° año)	2	NO	0.29	0.29	0.29	0.29	Primario	25	339.971966955222000	1.247659318722210
16	5	406	13.43903	Lotus Puro (3° año)	3	NO	0.29	0.29	0.29	0.29	Primario	25	402.865458761790000	0.793133695786064
16	6	407	3.47233	TR+Cebadilla (2° año)	2	NO	0.29	0.29	0.29	0.29	Primario	25	202.693470027649000	1.135507172659820
16	7	409	11.62400	FE+TB+L (3° año)	3	NO	0.29	0.29	0.29	0.29	Terciario	10	5.349270919524930	0.342377923592527
16	8	411	8.44713	Campo Natural	1	NO	0.06	0.06	0.06	0.06	Terciario	10	95.369539481941800	0.301224334906506
16	11	415	7.29110	FE+TB+L (2° año)	2	NO	0.29	0.29	0.29	0.29	Secundario	15	172.337030030370000	0.448190187313594
16	12	417	6.13833	FE+TB+L (2° año)	2	NO	0.29	0.29	0.29	0.29	Secundario	15	41.367281627963500	0.107746339848508
16	13	418	17.67757	FE+TB+L (3° año)	3	NO	0.29	0.29	0.29	0.29	Primario	25	317.937104135422000	1.638580536403630
16	14	420	10.49146	Campo Natural	1	NO	0.06	0.06	0.06	0.06	Secundario	15	147.593940827053000	0.843723757846052
16	15	421	2.41458	Achicoria (1° año)	1	NO	0.29	0.29	0.29	0.29	Secundario	15	147.314969097361000	0.371228380853103
16	16	422	4.64541	FE+TB+L (2° año)	2	NO	0.29	0.29	0.29	0.29	Secundario	15	305.224793166252000	1.358723214540920
16	17	424	13.20927	Sorgo Forrajero (anual)	1	NO	0.58	0	0	0.58	Secundario	15	263.627088444955000	1.308477031379540
16	18	425	8.91091	Sorgo Forrajero (anual)	1	NO	0.58	0	0	0.58	Primario	25	995.875269182386000	1.187663249671460
16	19	427	6.85119	Raigrás+TB+L (3° año)	3	NO	0.29	0.29	0.29	0.29	Terciario	10	40.891811934195900	1.021439444560270
16	20	428	7.53197	Raigrás+TB+L (3° año)	3	NO	0.29	0.29	0.29	0.29	Primario	25	671.336632909523000	0.440411061669389
16	21	430	11.12169	Alfalfa (2° año)	2	NO	0.29	0.29	0.29	0.29	Terciario	10	161.008520158475000	0.900801209488609
16	22	432	12.16745	Alfalfa (2° año)	2	NO	0.29	0.29	0.29	0.29	Primario	25	933.025693856735000	1.610065031851480
16	23	434	8.41135	Campo Natural	1	NO	0.06	0.06	0.06	0.06	Primario	25	155.050068922335000	1.087282590733630
16	25	438	8.92513	Campo Natural	1	NO	0.06	0.06	0.06	0.06	Primario	25	114.810503524464000	1.509204775863090
16	27	441	11.90762	FE+TB+L (1° año)	1	NO	0.29	0.29	0.29	0.29	Secundario	15	376.604064089904000	0.134449701651986
17	1	442	11.09153	Sorgo Forrajero (anual)	1	NO	0.58	0	0	0.58	Secundario	15	442.166684318434000	1.332949078596030
17	2	443	10.53050	Alfalfa (2° año)	2	NO	0.29	0.29	0.29	0.29	Terciario	10	410.175853634517000	0.508442641785130
17	3	444	4.55333	Moha (anual)	1	NO	0	0	0	1.16	Secundario	15	280.409012996235000	1.535195690508070
17	4	445	6.97855	FE+TB+L (1° año)	1	NO	0.29	0.29	0.29	0.29	Secundario	15	430.357117692537000	0.555940970004379
17	5	446	7.55962	FE+TB+L (1° año)	1	NO	0.29	0.29	0.29	0.29	Secundario	15	330.198448510197000	0.277317214296957
17	6	447	7.23881	FE+TB+L (1° año)	1	NO	0.29	0.29	0.29	0.29	Secundario	15	240.641541933933000	0.624045573652555
17	7	449	7.05168	Maiz (anual)	1	NO	0	0	0	2.23	Secundario	15	167.522607049157000	1.329146724335760
17	8	450	3.27492	Moha (anual)	1	NO	0	0	0	1.16	Terciario	10	252.478664998760000	2.419718739148730
17	9	451	3.88731	Moha (anual)	1	NO	0	0	0	1.16	Secundario	15	128.227630405810000	0.659938808790473
17	10	452	1.98716	Sorgo Forrajero (anual)	1	NO	0.58	0	0	0.58	Secundario	15	95.027629285747200	0.733673212968785
17	11	454	3.07034	Alfalfa (4° año)	4	NO	0.29	0.29	0.29	0.29	Terciario	10	7.500594832523680	1.450257523570740
17	13	457	2.50331	Alfalfa (4° año)	4	NO	0.29	0.29	0.29	0.29	Terciario	10	159.176595840524000	2.190694740840370
17	14	458	0.83095	TR+TB+Raigrás (1° año)	1	NO	0.29	0.29	0.29	0.29	Terciario	10	265.216433867484000	0.553329767452346
17	15	460	8.15160	Sorgo Forrajero (anual)	1	NO	0.58	0	0	0.58	Terciario	10	71.332309280178000	0.540476360875699
17	16	462	34.29361	Sorgo Forrajero (anual)	1	NO	0.58	0	0	0.58	Terciario	10	545.452511361698000	1.203319241988820
17	17	464	4.97060	FE+TB+L (2° año)	2	NO	0.29	0.29	0.29	0.29	Terciario	10	59.354488088203600	1.219317448681050
17	18	466	4.41144	Sorgo Forrajero (anual)	1	NO	0.58	0	0	0.58	Terciario	10	67.331676380220200	1.834300501346590
17	22	472	17.60478	Maiz (anual)	1	NO	0	0	0	2.23	Terciario	10	212.968845882845000	0.881611108193694
17	23	474	9.49278	Maiz (anual)	1	NO	0	0	0	2.23	Secundario	15	576.933282560675000	1.147870825460320
17	24	476	15.15023	FE+TB+L (3° año)	3	NO	0.29	0.29	0.29	0.29	Terciario	10	235.683934812088000	1.230554258114240
17	25	478	15.44187	Sorgo Forrajero (anual)	1	NO	0.58	0	0	0.58	Terciario	10	827.726349296860000	1.152761422790760
17	26	479	7.76493	FE+TB+L (4° año)	4	NO	0.29	0.29	0.29	0.29	Terciario	10	346.332136709006000	0.298734533665485
17	27	481	7.01921	FE+TB+L (4° año)	4	NO	0.29	0.29	0.29	0.29	Terciario	10	95.003466142591600	1.132790801998900
17	28	482	5.22575	FE+TB+L (2° año)	2	NO	0.29	0.29	0.29	0.29	Terciario	10	209.636155052464000	0.769829566802895
17	31	487	2.31747	TR+TB+Raigrás (1° año)	1	NO	0.29	0.29	0.29	0.29	Terciario	10	29.225726440991100	0.935610363526004
17	32	488	2.77694	Alfalfa (4° año)	4	NO	0.29	0.29	0.29	0.29	Terciario	10	179.285378314730000	0.818557847787936
18	2	492	8.17988	FE+TB+L (2° año)	2	NO	0.29	0.29	0.29	0.29	Secundario	15	59.645932525920500	1.424156404310660
18	3	494	9.36279	FE+TB+L (2° año)	2	NO	0.29	0.29	0.29	0.29	Secundario	15	14.391247635159200	1.078563667260680
18	4	495	12.17977	FE+TB+L (1° año)	1	NO	0.29	0.29	0.29	0.29	Secundario	15	475.604885286823000	1.008438201730740
18	5	496	15.10424	FE+TB+L (1° año)	1	NO	0.29	0.29	0.29	0.29	Secundario	15	369.871908763407000	1.664727058555140
18	6	498	37.19795	Maiz (anual)	1	NO	0	0	0	2.23	Secundario	15	197.594143475603000	1.195803306108240
18	7	500	4.53572	Maiz (anual)	1	NO	0	0	0	2.23	Terciario	10	70.543151670786400	1.157281124591830
18	8	502	17.15157	Maiz (anual)	1	NO	0	0	0	2.23	Secundario	15	560.351127447067000	0.906412038517817
18	9	504	29.89632	Maiz (anual)	1	NO	0	0	0	2.23	Secundario	15	253.110169596975000	1.077044677364120
18	10	506	3.37268	Campo Natural	1	NO	0.06	0.06	0.06	0.06	Secundario	15	71.892315805451700	2.304037001572160
18	11	508	24.81271	Maiz (anual)	1	NO	0	0	0	2.23	Secundario	15	270.795874044934000	0.955102915260336
18	12	510	3.84520	Campo Natural	1	NO	0.06	0.06	0.06	0.06	Terciario	10	18.537844822842300	0.457138095237315
18	13	512	27.76654	Maiz (anual)	1	NO	0	0	0	2.23	Secundario	15	290.837963684063000	1.372885500265940
18	15	516	8.17142	Alfalfa (2° año)	2	NO	0.29	0.29	0.29	0.29	Primario	25	3.170021098274600	1.317191836494270
18	16	518	15.60301	Moha (anual)	1	NO	0	0	0	1.16	Secundario	15	360.901049230852000	1.116140634982900
18	17	520	6.01773	Moha (anual)	1	NO	0	0	0	1.16	Secundario	15	715.531947322342000	1.376278875882810
19	2	524	7.96576	Campo Natural	1	NO	0.06	0.06	0.06	0.06	Secundario	15	43.102241440102400	1.363106487468740
19	3	525	8.76118	Sorgo Forrajero (anual)	1	NO	0.58	0	0	0.58	Secundario	15	583.710133275898000	0.934507512620517
19	5	529	7.21230	Campo Natural	1	NO	0.06	0.06	0.06	0.06	Terciario	10	17.413537158751900	1.631528356900580
19	6	530	31.34474	Maiz (anual)	1	NO	0	0	0	2.23	Terciario	10	1419.534846865160000	1.111237361682230
19	7	531	10.16793	FE+TB+L (2° año)	2	NO	0.29	0.29	0.29	0.29	Terciario	10	174.528886188628000	1.847921973207720
19	9	534	9.82546	TR+TB+Raigrás (1° año)	1	NO	0.29	0.29	0.29	0.29	Secundario	15	491.195357284096000	0.329733104292642
19	10	535	6.60611	TR+TB+Raigrás (1° año)	1	NO	0.29	0.29	0.29	0.29	Secundario	15	688.184037716814000	0.463505642718240
19	11	536	8.14254	Moha (anual)	1	NO	0	0	0	1.16	Secundario	15	594.681368808123000	0.478093455505112
19	13	538	15.36961	FE+TB+L (3° año)	3	NO	0.29	0.29	0.29	0.29	Secundario	15	591.604018301000000	1.299766788149580
19	15	540	13.99639	Sorgo Forrajero (anual)	1	NO	0.58	0	0	0.58	Secundario	15	529.842181692630000	1.686717931485780
19	16	541	2.73505	Sorgo Forrajero (anual)	1	NO	0.58	0	0	0.58	Secundario	15	635.705272366578000	0.743298585060984
19	17	542	5.23335	FE+TB+L (3° año)	3	NO	0.29	0.29	0.29	0.29	Secundario	15	285.273053836874000	1.628849237129610
19	18	543	3.37533	Campo Natural	1	NO	0.06	0.06	0.06	0.06	Secundario	15	349.271376575818000	1.111377010219980
19	19	544	7.93617	Moha (anual)	1	NO	0	0	0	1.16	Secundario	15	478.260168036180000	0.381303798664233
19	20	545	5.93187	Moha (anual)	1	NO	0	0	0	1.16	Secundario	15	790.353180871033000	0.374591087148740
19	22	548	11.73032	Sorgo Forrajero (anual)	1	NO	0.58	0	0	0.58	Secundario	15	234.824619036281000	1.811403523192150
19	23	550	39.67479	Maiz (anual)	1	NO	0	0	0	2.23	Secundario	15	525.120575259655000	0.589544401722610
19	24	552	6.83033	Raigrás+TB+L (2° año)	2	NO	0.29	0.29	0.29	0.29	Secundario	15	491.574257969711000	1.516481608926480
19	25	553	11.06088	Raigrás+TB+L (2° año)	2	NO	0.29	0.29	0.29	0.29	Secundario	15	275.708204954790000	1.261153088413120
20	1	556	13.43409	FE+TB+L (3° año)	3	NO	0.29	0.29	0.29	0.29	Primario	25	381.112406660370000	0.602240067989040
20	2	558	18.44367	Campo Natural	1	NO	0.06	0.06	0.06	0.06	Primario	25	208.207594210912000	0.943740962460490
20	3	559	4.70068	Achicoria (1° año)	1	NO	0.29	0.29	0.29	0.29	Terciario	10	368.595145708026000	0.771206925500114
20	4	561	11.23287	Achicoria (1° año)	1	NO	0.29	0.29	0.29	0.29	Terciario	10	278.255906839474000	1.375855311810030
20	5	563	16.21549	Raigrás+TB+L (1° año)	1	NO	0.29	0.29	0.29	0.29	Secundario	15	82.344346430542100	1.390567457924290
20	6	565	13.76153	FE+TB+L (2° año)	2	NO	0.29	0.29	0.29	0.29	Primario	25	269.367415807832000	0.935968631780461
20	7	566	16.97842	Sorgo Forrajero (anual)	1	NO	0.58	0	0	0.58	Secundario	15	287.419504425550000	1.376604996386330
20	8	568	13.00226	FE+TB+L (3° año)	3	NO	0.29	0.29	0.29	0.29	Primario	25	180.560390970882000	1.064342067576950
20	10	572	9.83057	Campo Natural	1	NO	0.06	0.06	0.06	0.06	Primario	25	130.821966411501000	0.721275595561513
20	11	573	7.61278	FE+TB+L (1° año)	1	NO	0.29	0.29	0.29	0.29	Primario	25	431.114514601870000	0.686176801366465
20	12	574	7.20846	Sorgo Forrajero (anual)	1	NO	0.58	0	0	0.58	Secundario	15	748.941254438479000	1.345197327435020
20	13	576	6.25800	Raigrás+TB+L (3° año)	3	NO	0.29	0.29	0.29	0.29	Secundario	15	493.033295694094000	1.771843127029780
20	15	579	13.91471	Sorgo Forrajero (anual)	1	NO	0.58	0	0	0.58	Secundario	15	628.551996158428000	1.530583831804250
20	16	580	7.63543	Moha (anual)	1	NO	0	0	0	1.16	Secundario	15	274.386321074830000	0.313787027809988
20	17	581	5.89472	Achicoria (2° año)	2	NO	0.29	0.29	0.29	0.29	Secundario	15	158.855356420036000	0.805618312266288
20	18	583	10.83562	Raigrás+TB+L (3° año)	3	NO	0.29	0.29	0.29	0.29	Primario	25	558.248586885905000	0.815860380108158
20	19	584	5.65610	Achicoria (2° año)	2	NO	0.29	0.29	0.29	0.29	Secundario	15	199.699021527890000	1.832126309794760
20	20	585	9.35928	FE+TB+L (1° año)	1	NO	0.29	0.29	0.29	0.29	Primario	25	535.017715221148000	1.274672372161220
20	21	587	6.28233	Sorgo Forrajero (anual)	1	NO	0.58	0	0	0.58	Secundario	15	126.402344471637000	1.077797726984470
20	22	588	7.06890	FE+TB+L (1° año)	1	NO	0.29	0.29	0.29	0.29	Secundario	15	184.205771665435000	1.704748940351720
20	28	600	8.30451	FE+TB+L (1° año)	1	NO	0.29	0.29	0.29	0.29	Primario	25	469.469389495724000	0.630646122262833
21	2	608	32.96746	FE+TB+L (3° año)	3	NO	0.29	0.29	0.29	0.29	Secundario	15	309.317241445315000	1.081296908260610
21	4	612	14.60913	FE+TB+L (4° año)	4	NO	0.29	0.29	0.29	0.29	Secundario	15	16.680037874712900	1.196362939752210
21	5	613	12.35094	Achicoria (2° año)	2	NO	0.29	0.29	0.29	0.29	Terciario	10	758.321946474893000	0.786445368804949
21	6	615	10.75793	Campo Natural	1	NO	0.06	0.06	0.06	0.06	Secundario	15	9.681607318183690	0.573572418229146
21	7	617	22.98462	FE+TB+L (1° año)	1	NO	0.29	0.29	0.29	0.29	Secundario	15	242.859246814670000	0.289390484125761
21	8	618	11.71130	Sorgo Forrajero (anual)	1	NO	0.58	0	0	0.58	Secundario	15	410.423800667030000	0.291922357277228
21	9	619	19.11002	Alfalfa (2° año)	2	NO	0.29	0.29	0.29	0.29	Secundario	15	378.712506878217000	0.598034459113512
21	10	621	17.08530	FE+TB+L (2° año)	2	NO	0.29	0.29	0.29	0.29	Secundario	15	114.323491826445000	1.101401264941880
21	11	623	7.21920	FE+TB+L (2° año)	2	NO	0.29	0.29	0.29	0.29	Secundario	15	8.894054752666740	0.371783102138175
21	12	625	10.49772	FE+TB+L (4° año)	4	NO	0.29	0.29	0.29	0.29	Primario	25	16.280565316671400	0.899041442074261
21	13	626	20.86926	Sorgo Forrajero (anual)	1	NO	0.58	0	0	0.58	Secundario	15	284.368486806395000	0.513037765628480
21	14	628	11.19024	Alfalfa (4° año)	4	NO	0.29	0.29	0.29	0.29	Secundario	15	6.147525423214330	0.744840081090168
22	1	631	16.52390	Sorgo Forrajero (anual)	1	NO	0.58	0	0	0.58	Primario	25	814.125114262406000	0.606882607765411
22	2	633	19.86082	Alfalfa (2° año)	2	NO	0.29	0.29	0.29	0.29	Terciario	10	50.780091662351500	2.741235405074220
22	3	634	19.37772	Achicoria (1° año)	1	NO	0.29	0.29	0.29	0.29	Secundario	15	222.359042597129000	1.844062363728880
22	4	636	24.70731	FE+TB+L (4° año)	4	NO	0.29	0.29	0.29	0.29	Secundario	15	78.864851733164900	2.241874315060570
22	5	638	7.88946	FE+TB+L (4° año)	4	NO	0.29	0.29	0.29	0.29	Secundario	15	281.266698287011000	2.156835682343600
22	6	640	15.24670	Raigrás+TB+L (3° año)	3	NO	0.29	0.29	0.29	0.29	Secundario	15	28.290704302329300	3.078261524617310
22	7	642	18.84801	Raigrás+TB+L (3° año)	3	NO	0.29	0.29	0.29	0.29	Secundario	15	261.299940352788000	1.798057317274720
22	8	644	14.38028	Sorgo Forrajero (anual)	1	NO	0.58	0	0	0.58	Primario	25	839.577995718113000	1.887619098813470
22	9	646	15.09087	FE+TB+L (1° año)	1	NO	0.29	0.29	0.29	0.29	Secundario	15	189.105169978476000	1.993416574246740
22	10	647	13.44118	TR+TB+Raigrás (1° año)	1	NO	0.29	0.29	0.29	0.29	Secundario	15	349.313188135056000	0.577555898974339
22	11	649	19.19401	TR+Cebadilla (2° año)	2	NO	0.29	0.29	0.29	0.29	Terciario	10	50.087844139594100	1.278871953130910
22	12	650	19.05818	FE+TB+L (1° año)	1	NO	0.29	0.29	0.29	0.29	Secundario	15	271.705367302224000	1.136238027315690
22	13	651	15.49646	Sorgo Forrajero (anual)	1	NO	0.58	0	0	0.58	Primario	25	1064.694279749530000	1.331973982311190
22	15	655	16.26877	Alfalfa (3° año)	3	NO	0.29	0.29	0.29	0.29	Secundario	15	184.672963458413000	1.939815543471160

