Productor.C.254	POT.N.10.0	ID.N.10.0	Sup_ha.N.21.5	USO.C.254	Tiempo.C.254	FIJO.C.2	coef_oto.C.254	coef_inv.C.254	coef_pri.C.254	coef_ver.C.254	join_Clase.C.254	join_Buffe.N.10.0	distance.N.24.15	pendmean.N.24.15
23	1	657	25.30579	Campo Natural	1	NO	0.06	0.06	0.06	0.06	Terciario	10	5.712393343371180	1.806393376607910
23	2	658	7.70334	Sorgo Forrajero (anual)	1	NO	0.58	0	0	0.58	Secundario	15	154.078585809710000	0.648704694140525
23	3	660	3.45637	Lotus Puro (2° año)	2	NO	0.29	0.29	0.29	0.29	Secundario	15	105.080209769443000	1.160833212809690
23	4	661	6.61920	FE+TB+L (1° año)	1	NO	0.29	0.29	0.29	0.29	Secundario	15	158.042490623834000	0.986206082361085
23	5	663	22.99049	FE+TB+L (3° año)	3	NO	0.29	0.29	0.29	0.29	Secundario	15	181.643221566882000	1.131304237297470
23	6	664	16.01058	TR+Cebadilla (2° año)	2	NO	0.29	0.29	0.29	0.29	Secundario	15	310.053621042589000	1.256291666903290
23	7	665	5.95427	TR+Cebadilla (1° año)	1	NO	0.29	0.29	0.29	0.29	Secundario	15	228.725819765227000	1.729611501578360
23	8	666	11.73129	FE+TB+L (1° año)	1	NO	0.29	0.29	0.29	0.29	Secundario	15	288.154433834773000	1.377647155851830
23	9	668	13.52580	FE+TB+L (2° año)	2	NO	0.29	0.29	0.29	0.29	Primario	25	77.258218576442200	1.359155848475270
23	10	669	14.10548	Sorgo Forrajero (anual)	1	NO	0.58	0	0	0.58	Terciario	10	352.855360164655000	1.857260828520980
23	11	671	20.48469	Campo Natural	1	NO	0.06	0.06	0.06	0.06	Secundario	15	94.098603822311100	2.097161656849460
23	12	672	17.33473	Sorgo Forrajero (anual)	1	NO	0.58	0	0	0.58	Primario	25	299.602330167672000	1.205284500446340
23	13	674	24.07280	Sorgo Forrajero (anual)	1	NO	0.58	0	0	0.58	Terciario	10	118.534015255309000	1.861699886085900
23	14	676	19.76224	Raigrás+TB+L (1° año)	1	NO	0.29	0.29	0.29	0.29	Secundario	15	169.711229351132000	0.896509871586388
23	17	680	11.52886	Raigrás+TB+L (3° año)	3	NO	0.29	0.29	0.29	0.29	Terciario	10	319.065095845637000	1.047962103649730
23	18	682	6.41452	TR+Cebadilla (1° año)	1	NO	0.29	0.29	0.29	0.29	Secundario	15	126.236567256941000	2.821710429545760
24	1	683	18.42314	Maiz (anual)	1	NO	0	0	0	2.23	Cuaternario	10	316.786657316445000	1.626885670125490
24	2	685	20.74995	Maiz (anual)	1	NO	0	0	0	2.23	Cuaternario	10	47.852731548586200	1.354611279735720
24	3	687	1.42119	TR+TB+Raigrás (1° año)	1	NO	0.29	0.29	0.29	0.29	Cuaternario	10	40.619865599663200	1.929447969421740
24	4	689	14.09247	Campo Natural	1	NO	0.06	0.06	0.06	0.06	Terciario	10	76.914194517702700	1.377629358934450
24	5	691	9.10896	FE+TB+L (1° año)	1	NO	0.29	0.29	0.29	0.29	Cuaternario	10	374.133427782371000	1.766420086370960
24	6	693	2.00269	Campo Natural	1	NO	0.06	0.06	0.06	0.06	Terciario	10	107.463111068236000	1.368892483089280
24	7	695	2.71775	Moha (anual)	1	NO	0	0	0	1.16	Terciario	10	170.746785151055000	0.376992304942438
24	8	697	3.38548	Moha (anual)	1	NO	0	0	0	1.16	Terciario	10	119.697457638783000	0.936163591319009
24	9	698	2.68054	FE+TB+L (3° año)	3	NO	0.29	0.29	0.29	0.29	Terciario	10	297.552631299895000	1.475397408008580
24	10	699	2.36982	FE+TB+L (3° año)	3	NO	0.29	0.29	0.29	0.29	Terciario	10	187.859218178343000	0.686038373797028
24	11	701	12.53409	Achicoria (1° año)	1	NO	0.29	0.29	0.29	0.29	Terciario	10	802.333175406060000	1.045822511773020
24	12	703	15.92622	Alfalfa (2° año)	2	NO	0.29	0.29	0.29	0.29	Cuaternario	10	69.507268258287100	0.334248957774751
24	13	704	8.03321	Sorgo Forrajero (anual)	1	NO	0.58	0	0	0.58	Terciario	10	390.408143552922000	1.400597640706430
24	14	705	8.68632	Moha (anual)	1	NO	0	0	0	1.16	Terciario	10	694.161477294894000	0.669823651211826
24	15	706	8.76106	Achicoria (2° año)	2	NO	0.29	0.29	0.29	0.29	Terciario	10	602.514634598523000	0.404094715170639
24	16	707	9.37773	Achicoria (2° año)	2	NO	0.29	0.29	0.29	0.29	Terciario	10	451.508572979049000	0.351597569173291
24	17	709	6.30684	FE+TB+L (1° año)	1	NO	0.29	0.29	0.29	0.29	Cuaternario	10	21.077580401063200	0.703667562176932
24	18	710	4.70109	Moha (anual)	1	NO	0	0	0	1.16	Terciario	10	525.447513097909000	0.893501366525888
24	19	712	10.72397	Sorgo Forrajero (anual)	1	NO	0.58	0	0	0.58	Terciario	10	276.188529010917000	1.072149018154430
24	20	713	13.31914	Sorgo Forrajero (anual)	1	NO	0.58	0	0	0.58	Terciario	10	160.736096084936000	0.512834043510808
24	21	715	13.85375	Sorgo Forrajero (anual)	1	NO	0.58	0	0	0.58	Terciario	10	89.079668579625000	1.530176270928160
24	22	716	3.99257	Moha (anual)	1	NO	0	0	0	1.16	Terciario	10	757.686950996942000	0.519056591332297
24	23	718	21.69493	Maiz (anual)	1	NO	0	0	0	2.23	Terciario	10	274.218332007901000	0.770921227615327
24	25	721	1.89981	TR+TB+Raigrás (1° año)	1	NO	0.29	0.29	0.29	0.29	Cuaternario	10	108.374773077332000	2.806739859960300
24	26	722	2.11492	Moha (anual)	1	NO	0	0	0	1.16	Terciario	10	514.909108663558000	1.214980007513710
24	27	724	4.01548	Raigrás+TB+L (1° año)	1	NO	0.29	0.29	0.29	0.29	Cuaternario	10	107.079553244455000	0.724637113850225
24	28	726	13.79938	TR+Cebadilla (1° año)	1	NO	0.29	0.29	0.29	0.29	Secundario	15	1633.742340764990000	0.505281590300237
24	30	730	5.89861	Lotus Puro (3° año)	3	NO	0.29	0.29	0.29	0.29	Terciario	10	382.779726207094000	0.502102246651283
24	31	732	3.20219	TR+TB+Raigrás (1° año)	1	NO	0.29	0.29	0.29	0.29	Terciario	10	650.931885079367000	2.631087481975550
25	1	733	5.27016	Maiz (anual)	1	NO	0	0	0	2.23	Terciario	10	501.937216004217000	1.056357325955490
25	2	735	11.75820	FE+TB+L (1° año)	1	NO	0.29	0.29	0.29	0.29	Terciario	10	51.137720992096100	0.998605813224320
25	3	737	3.08370	Moha (anual)	1	NO	0	0	0	1.16	Terciario	10	71.642652264934200	0.622220578293006
25	4	739	6.57878	Alfalfa (1° año)	1	NO	0.29	0.29	0.29	0.29	Terciario	10	165.742960344132000	1.432989013572670
25	6	742	15.88439	FE+TB+L (4° año)	4	NO	0.29	0.29	0.29	0.29	Terciario	10	1192.190987898780000	1.301300400349480
25	7	744	10.60702	Sorgo Forrajero (anual)	1	NO	0.58	0	0	0.58	Terciario	10	925.588946219595000	1.656487319780430
25	8	746	3.70767	Sorgo Forrajero (anual)	1	NO	0.58	0	0	0.58	Terciario	10	730.433441050868000	0.487325608094291
25	9	748	5.81680	Raigrás+TB+L (3° año)	3	NO	0.29	0.29	0.29	0.29	Terciario	10	180.351851610298000	1.823888921025970
25	10	750	3.63768	Sorgo Forrajero (anual)	1	NO	0.58	0	0	0.58	Terciario	10	54.786374458923600	0.910684015299823
25	11	751	4.43802	Raigrás+TB+L (3° año)	3	NO	0.29	0.29	0.29	0.29	Terciario	10	193.927248331995000	0.567358743972503
25	12	753	2.28146	Raigrás+TB+L (2° año)	2	NO	0.29	0.29	0.29	0.29	Terciario	10	275.389227611614000	0.114649274647236
25	13	755	6.60815	FE+TB+L (1° año)	1	NO	0.29	0.29	0.29	0.29	Terciario	10	406.492022680094000	0.386331187730486
25	14	757	2.28023	FE+TB+L (1° año)	1	NO	0.29	0.29	0.29	0.29	Terciario	10	351.437931800978000	1.947048101042000
25	15	759	3.17231	FE+TB+L (1° año)	1	NO	0.29	0.29	0.29	0.29	Terciario	10	482.028325433869000	1.767601480989750
25	16	761	2.05918	Raigrás+TB+L (2° año)	2	NO	0.29	0.29	0.29	0.29	Terciario	10	240.060129652989000	0.052643385094901
25	17	762	2.50044	Raigrás+TB+L (2° año)	2	NO	0.29	0.29	0.29	0.29	Secundario	15	373.110103150449000	0.124534762154023
25	18	764	2.18700	Raigrás+TB+L (2° año)	2	NO	0.29	0.29	0.29	0.29	Terciario	10	187.374973355046000	0.156051973103667
25	19	766	24.57920	Raigrás+TB+L (1° año)	1	NO	0.29	0.29	0.29	0.29	Terciario	10	73.176637680757000	0.699384846854681
25	20	768	9.18871	TR+TB+Raigrás (1° año)	1	NO	0.29	0.29	0.29	0.29	Terciario	10	545.517448816258000	1.147277730821380
25	21	769	1.35339	Raigrás+TB+L (2° año)	2	NO	0.29	0.29	0.29	0.29	Terciario	10	197.764766377613000	0.485580931816782
25	22	771	8.67943	Sorgo Forrajero (anual)	1	NO	0.58	0	0	0.58	Secundario	15	229.315636045519000	1.459056997878680
25	23	772	13.09019	FE+TB+L (3° año)	3	NO	0.29	0.29	0.29	0.29	Secundario	15	262.842942950035000	1.259769815122330
25	25	776	7.46239	Campo Natural	1	NO	0.06	0.06	0.06	0.06	Secundario	15	127.897284626434000	2.322784604934550
25	26	778	4.59142	Raigrás+TB+L (2° año)	2	NO	0.29	0.29	0.29	0.29	Secundario	15	222.628623156281000	0.478576837564414
25	27	779	5.70257	Raigrás+TB+L (2° año)	2	NO	0.29	0.29	0.29	0.29	Terciario	10	262.804276362023000	0.223752101621358
25	28	780	4.47117	Raigrás+TB+L (2° año)	2	NO	0.29	0.29	0.29	0.29	Terciario	10	230.394782953423000	0.260360442101955
25	29	782	7.16956	Alfalfa (4° año)	4	NO	0.29	0.29	0.29	0.29	Terciario	10	268.400919208389000	0.436873738254820
25	30	783	0.85744	Achicoria (1° año)	1	NO	0.29	0.29	0.29	0.29	Terciario	10	338.929464382196000	0.500679260492325
25	31	784	2.83167	Alfalfa (4° año)	4	NO	0.29	0.29	0.29	0.29	Terciario	10	371.390799157387000	0.338671034484199
25	32	786	4.18170	Alfalfa (4° año)	4	NO	0.29	0.29	0.29	0.29	Terciario	10	397.801384821041000	0.495154789932396
25	33	788	10.15553	Alfalfa (2° año)	2	NO	0.29	0.29	0.29	0.29	Terciario	10	760.047216015820000	0.724109600622406
25	34	789	5.88365	FE+TB+L (1° año)	1	NO	0.29	0.29	0.29	0.29	Terciario	10	1015.160173947900000	0.713011438055680
25	36	793	13.84170	Sorgo Forrajero (anual)	1	NO	0.58	0	0	0.58	Terciario	10	701.335564548560000	1.142477452204380
25	37	795	22.52241	TR+Cebadilla (1° año)	1	NO	0.29	0.29	0.29	0.29	Terciario	10	230.727045782993000	1.398443838977910
26	1	796	7.93091	FE+TB+L (2° año)	2	NO	0.29	0.29	0.29	0.29	Primario	25	291.773976357692000	0.818964258003771
26	2	797	7.82121	Sorgo Forrajero (anual)	1	NO	0.58	0	0	0.58	Primario	25	1036.939882935080000	1.702794837886870
26	3	798	6.53829	FE+TB+L (2° año)	2	NO	0.29	0.29	0.29	0.29	Primario	25	438.553854411391000	0.604513455803196
26	4	799	6.30649	FE+TB+L (4° año)	4	NO	0.29	0.29	0.29	0.29	Primario	25	573.894448543232000	1.937490481138230
26	5	800	7.10717	FE+TB+L (4° año)	4	NO	0.29	0.29	0.29	0.29	Primario	25	730.378636389365000	1.521751110752420
26	6	801	14.35132	Maiz (anual)	1	NO	0	0	0	2.23	Secundario	15	780.741007853325000	1.945497633713600
26	7	802	5.13637	FE+TB+L (3° año)	3	NO	0.29	0.29	0.29	0.29	Secundario	15	1109.314778874210000	0.771353990867220
26	8	803	14.67260	Raigrás+TB+L (1° año)	1	NO	0.29	0.29	0.29	0.29	Primario	25	772.892219253806000	1.676082119194400
26	9	804	7.93820	Sorgo Forrajero (anual)	1	NO	0.58	0	0	0.58	Primario	25	1235.064799787220000	1.149215806736040
26	10	805	8.50003	Campo Natural	1	NO	0.06	0.06	0.06	0.06	Secundario	15	626.004354632002000	1.789683141384500
26	11	806	8.26979	Achicoria (1° año)	1	NO	0.29	0.29	0.29	0.29	Secundario	15	660.898404559560000	0.707976596681087
26	12	807	4.42013	Sorgo Forrajero (anual)	1	NO	0.58	0	0	0.58	Primario	25	957.556783391534000	0.648084448083587
26	13	808	3.09777	Moha (anual)	1	NO	0	0	0	1.16	Secundario	15	401.888212342274000	2.149039717281570
26	14	809	14.69815	Alfalfa (3° año)	3	NO	0.29	0.29	0.29	0.29	Secundario	15	158.572740176031000	1.642104318572410
26	18	813	9.87628	Sorgo Forrajero (anual)	1	NO	0.58	0	0	0.58	Secundario	15	422.039751180569000	0.904977704514749
26	19	815	6.49879	TR+TB+Raigrás (2°año)	2	NO	0.29	0.29	0.29	0.29	Primario	25	142.261314077671000	0.926953132876328
26	22	820	21.14833	Sorgo Forrajero (anual)	1	NO	0.58	0	0	0.58	Primario	25	290.935883771755000	1.240155525981070
26	23	821	21.20456	Raigrás+TB+L (2° año)	2	NO	0.29	0.29	0.29	0.29	Primario	25	790.525059403396000	1.112025320314870
26	25	824	3.98171	Campo Natural	1	NO	0.06	0.06	0.06	0.06	Primario	25	207.049300704677000	0.647981616922400
26	26	825	4.17156	TR+TB+Raigrás (2°año)	2	NO	0.29	0.29	0.29	0.29	Primario	25	260.244420707628000	0.792865738920543
26	27	826	8.97378	Sorgo Forrajero (anual)	1	NO	0.58	0	0	0.58	Primario	25	487.981569396667000	2.342949552516830
26	31	833	17.08515	Raigrás+TB+L (3° año)	3	NO	0.29	0.29	0.29	0.29	Primario	25	225.054629624813000	1.194060319879400
27	1	835	27.36393	FE+TB+L (1° año)	1	NO	0.29	0.29	0.29	0.29	Primario	25	68.459441934487100	1.571366968780560
27	2	837	31.95202	Maiz (anual)	1	NO	0	0	0	2.23	Secundario	15	420.717846281176000	0.585902669431113
27	3	839	31.42391	Maiz (anual)	1	NO	0	0	0	2.23	Primario	25	378.346455975078000	1.696263958012340
27	4	841	14.79512	Sorgo Forrajero (anual)	1	NO	0.58	0	0	0.58	Terciario	10	567.684658164773000	1.298118207046020
27	5	843	18.76325	Sorgo Forrajero (anual)	1	NO	0.58	0	0	0.58	Terciario	10	181.139071285323000	1.306667431397140
27	6	844	10.13235	Alfalfa (2° año)	2	NO	0.29	0.29	0.29	0.29	Terciario	10	246.059399976932000	1.070788662165540
27	7	846	20.56520	Raigrás+TB+L (1° año)	1	NO	0.29	0.29	0.29	0.29	Terciario	10	190.942555301805000	1.256687965130180
27	8	848	11.10499	FE+TB+L (3° año)	3	NO	0.29	0.29	0.29	0.29	Terciario	10	205.563922380175000	1.008267998192760
27	9	850	13.02670	Alfalfa (2° año)	2	NO	0.29	0.29	0.29	0.29	Terciario	10	36.695436879496400	1.626381643530400
27	10	852	9.63238	Alfalfa (2° año)	2	NO	0.29	0.29	0.29	0.29	Terciario	10	191.521982051207000	1.389192832669000
27	11	854	10.35336	Alfalfa (2° año)	2	NO	0.29	0.29	0.29	0.29	Terciario	10	7.747743208871530	1.550079777586360
27	12	856	16.08429	Sorgo Forrajero (anual)	1	NO	0.58	0	0	0.58	Terciario	10	158.781639933248000	0.793162489927241
27	13	857	6.29051	FE+TB+L (3° año)	3	NO	0.29	0.29	0.29	0.29	Terciario	10	386.648797628385000	0.435656869236161
27	14	859	12.96074	FE+TB+L (3° año)	3	NO	0.29	0.29	0.29	0.29	Terciario	10	437.137096471460000	1.550281262910320
27	15	861	18.23850	Sorgo Forrajero (anual)	1	NO	0.58	0	0	0.58	Secundario	15	28.543577760840800	0.911836211345135
28	1	863	8.26905	FE+TB+L (1° año)	1	NO	0.29	0.29	0.29	0.29	Terciario	10	83.460020235399500	0.516927848610541
28	3	867	15.56732	Maiz (anual)	1	NO	0	0	0	2.23	Primario	25	745.742283359827000	2.175340043621900
28	4	869	10.27818	TR+Cebadilla (1° año)	1	NO	0.29	0.29	0.29	0.29	Primario	25	661.923605211306000	0.585926721111322
28	5	871	25.91230	FE+TB+L (4° año)	4	NO	0.29	0.29	0.29	0.29	Primario	25	236.497731683966000	1.130945814632140
28	6	873	13.08428	Maiz (anual)	1	NO	0	0	0	2.23	Primario	25	537.097110880915000	0.614786504678530
28	7	875	4.73792	Sorgo Forrajero (anual)	1	NO	0.58	0	0	0.58	Primario	25	169.997495071231000	1.114219790255580
28	8	876	5.12834	Alfalfa (2° año)	2	NO	0.29	0.29	0.29	0.29	Primario	25	585.483618065075000	0.514231258205005
28	10	880	32.06563	TR+Cebadilla (1° año)	1	NO	0.29	0.29	0.29	0.29	Primario	25	287.209233862928000	0.759878439535753
28	12	883	21.58888	TR+Cebadilla (2° año)	2	NO	0.29	0.29	0.29	0.29	Terciario	10	151.457619205520000	0.288472590336869
28	13	884	23.06779	Sorgo Forrajero (anual)	1	NO	0.58	0	0	0.58	Primario	25	983.340523992252000	0.985899011714055
28	14	885	11.50592	Sorgo Forrajero (anual)	1	NO	0.58	0	0	0.58	Primario	25	1173.672488393570000	0.907336264762074
28	15	887	22.35430	Alfalfa (4° año)	4	NO	0.29	0.29	0.29	0.29	Terciario	10	0.812546006050771	0.807109669948799
28	16	889	11.40466	Alfalfa (4° año)	4	NO	0.29	0.29	0.29	0.29	Secundario	15	1052.603980513260000	1.133560290560130
28	18	892	11.24973	Raigrás+TB+L (3° año)	3	NO	0.29	0.29	0.29	0.29	Terciario	10	208.432379635891000	0.829444823507953
28	19	894	10.23311	FE+TB+L (2° año)	2	NO	0.29	0.29	0.29	0.29	Terciario	10	132.101377871281000	1.479058661631180
28	20	896	12.00490	FE+TB+L (3° año)	3	NO	0.29	0.29	0.29	0.29	Terciario	10	621.251120971124000	0.730182255625277
28	21	898	12.59090	Moha (anual)	1	NO	0	0	0	1.16	Terciario	10	428.333168466847000	0.217852361553865
28	23	901	6.63368	FE+TB+L (1° año)	1	NO	0.29	0.29	0.29	0.29	Terciario	10	372.179659845842000	0.373694648362092
28	25	904	10.29009	FE+TB+L (2° año)	2	NO	0.29	0.29	0.29	0.29	Terciario	10	149.888673710586000	0.681672615363546
28	28	910	5.82915	Moha (anual)	1	NO	0	0	0	1.16	Primario	25	949.416902922508000	0.376980935297315
29	1	911	3.63470	FE+TB+L (4° año)	4	NO	0.29	0.29	0.29	0.29	Terciario	10	448.884528813664000	0.186888498812914
29	2	913	20.94183	TR+Cebadilla (2° año)	2	NO	0.29	0.29	0.29	0.29	Terciario	10	52.042315367034000	1.546737351860760
29	3	914	2.69563	FE+TB+L (4° año)	4	NO	0.29	0.29	0.29	0.29	Terciario	10	278.524185560301000	1.493428365778060
29	4	915	2.63666	FE+TB+L (4° año)	4	NO	0.29	0.29	0.29	0.29	Terciario	10	110.240874541982000	1.049495269854860
29	5	916	15.36340	TR+TB+Raigrás (2°año)	2	NO	0.29	0.29	0.29	0.29	Secundario	15	199.564769910003000	0.920051021126689
29	6	917	3.11053	Alfalfa (1° año)	1	NO	0.29	0.29	0.29	0.29	Terciario	10	303.243913865321000	2.207638407454770
29	7	918	4.64721	Alfalfa (1° año)	1	NO	0.29	0.29	0.29	0.29	Terciario	10	241.355281686918000	0.841316235515307
29	8	920	7.42184	TR+TB+Raigrás (2°año)	2	NO	0.29	0.29	0.29	0.29	Terciario	10	4.433147799839990	1.370851663343700
29	9	922	7.33031	Lotus Puro (3° año)	3	NO	0.29	0.29	0.29	0.29	Secundario	15	255.923887247699000	1.415038659935820
29	10	924	5.56990	FE+TB+L (1° año)	1	NO	0.29	0.29	0.29	0.29	Primario	25	433.753654996006000	1.917915694049150
29	11	926	6.57388	TR+TB+Raigrás (1° año)	1	NO	0.29	0.29	0.29	0.29	Secundario	15	52.616234553670200	1.931748149125540
29	12	928	10.55839	Sorgo Forrajero (anual)	1	NO	0.58	0	0	0.58	Secundario	15	78.468173592533300	1.682857665496000
29	15	934	8.62679	Sorgo Forrajero (anual)	1	NO	0.58	0	0	0.58	Secundario	15	462.576532785864000	2.496966748752380
29	16	936	7.87642	TR+TB+Raigrás (1° año)	1	NO	0.29	0.29	0.29	0.29	Secundario	15	177.431677085854000	1.090991345684180
29	17	937	10.54857	Maiz (anual)	1	NO	0	0	0	2.23	Terciario	10	300.877732428972000	0.729106342009569
29	18	938	8.15097	Alfalfa (4° año)	4	NO	0.29	0.29	0.29	0.29	Secundario	15	278.121993930260000	0.770210096837728
29	19	940	1.40673	Alfalfa (4° año)	4	NO	0.29	0.29	0.29	0.29	Terciario	10	389.628858358813000	1.341574478149410
29	20	941	11.13821	TR+Cebadilla (1° año)	1	NO	0.29	0.29	0.29	0.29	Secundario	15	298.964908832608000	1.149451486027440
29	21	943	7.53098	FE+TB+L (1° año)	1	NO	0.29	0.29	0.29	0.29	Secundario	15	47.009431963500100	1.222919490407500
29	22	945	7.42157	FE+TB+L (1° año)	1	NO	0.29	0.29	0.29	0.29	Secundario	15	176.548198949915000	0.629349916805456
29	27	954	16.57101	Sorgo Forrajero (anual)	1	NO	0.58	0	0	0.58	Secundario	15	126.283748014705000	1.308090687919690
29	29	958	11.20853	TR+Cebadilla (1° año)	1	NO	0.29	0.29	0.29	0.29	Secundario	15	11.979223374304600	0.514885504884044
29	30	960	54.85379	Maiz (anual)	1	NO	0	0	0	2.23	Primario	25	251.944853945403000	0.896084650373850
29	31	962	4.00000	Campo Natural	1	NO	0.06	0.06	0.06	0.06	Terciario	10	106.514769135835000	2.426188448848930
29	32	964	5.75309	Achicoria (1° año)	1	NO	0.29	0.29	0.29	0.29	Terciario	10	311.777728760104000	1.159334718249740
29	33	966	7.97179	Achicoria (2° año)	2	NO	0.29	0.29	0.29	0.29	Terciario	10	99.277940381165900	1.741209374419570
29	35	970	7.27224	Moha (anual)	1	NO	0	0	0	1.16	Terciario	10	522.076909755930000	0.499187426454183
29	36	971	3.84269	Sorgo Forrajero (anual)	1	NO	0.58	0	0	0.58	Terciario	10	143.032227772765000	1.212920359202790
29	37	972	6.45614	Sorgo Forrajero (anual)	1	NO	0.58	0	0	0.58	Terciario	10	287.149085411139000	1.863781169056890
30	1	974	58.91841	Maiz (anual)	1	NO	0	0	0	2.23	Secundario	15	4.477144711540000	1.345627499373760
30	2	976	16.20101	Sorgo Forrajero (anual)	1	NO	0.58	0	0	0.58	Primario	25	477.220673952467000	0.856819517026513
30	3	978	6.98553	Sorgo Forrajero (anual)	1	NO	0.58	0	0	0.58	Primario	25	120.987397610108000	1.257007174463160
30	4	980	30.38905	Sorgo Forrajero (anual)	1	NO	0.58	0	0	0.58	Secundario	15	53.779525479527200	1.027613763708530
30	5	981	15.90557	Sorgo Forrajero (anual)	1	NO	0.58	0	0	0.58	Primario	25	308.892312052173000	1.323040614452430
30	6	983	9.96950	Maiz (anual)	1	NO	0	0	0	2.23	Secundario	15	44.280480938401500	2.335273104208010
30	8	987	19.60878	Sorgo Forrajero (anual)	1	NO	0.58	0	0	0.58	Primario	25	357.089448292248000	1.221136074339120
30	9	989	46.70381	Sorgo Forrajero (anual)	1	NO	0.58	0	0	0.58	Primario	25	518.346441711008000	1.127443189226850
30	10	991	52.18414	Sorgo Forrajero (anual)	1	NO	0.58	0	0	0.58	Secundario	15	107.196886103609000	1.370651448410700
30	12	995	6.52116	Sorgo Forrajero (anual)	1	NO	0.58	0	0	0.58	Secundario	15	93.427652858168100	1.308394375869210
31	1	1003	21.92909	Maiz (anual)	1	NO	0	0	0	2.23	Secundario	15	639.443559155104000	1.403077556475590
31	2	1005	22.45886	Sorgo Forrajero (anual)	1	NO	0.58	0	0	0.58	Secundario	15	64.917920021186100	2.260428237814120
31	3	1006	4.77635	Maiz (anual)	1	NO	0	0	0	2.23	Secundario	15	331.237488295912000	1.152194504010480
31	4	1008	74.56580	Campo Natural	1	NO	0.06	0.06	0.06	0.06	Primario	25	69.870474773071200	2.291582024816730
31	5	1010	16.58094	Sorgo Forrajero (anual)	1	NO	0.58	0	0	0.58	Secundario	15	60.367806942108700	0.833073536923953
31	6	1012	11.78305	Campo Natural	1	NO	0.06	0.06	0.06	0.06	Primario	25	10.654280632028100	2.965771411818670
31	7	1014	18.42483	FE+TB+L (2° año)	2	NO	0.29	0.29	0.29	0.29	Primario	25	272.346283220103000	2.022996385068430
31	8	1016	12.08588	FE+TB+L (3° año)	3	NO	0.29	0.29	0.29	0.29	Secundario	15	108.606970798160000	2.150452260712260
31	9	1018	45.65831	Maiz (anual)	1	NO	0	0	0	2.23	Secundario	15	11.595031820428200	2.569948091874320
31	10	1020	22.64117	FE+TB+L (4° año)	4	NO	0.29	0.29	0.29	0.29	Primario	25	363.140620312752000	1.958777707430620
31	11	1022	31.61834	Campo Natural	1	NO	0.06	0.06	0.06	0.06	Primario	25	15.256993489959600	2.644776755654150
31	12	1024	10.71848	Sorgo Forrajero (anual)	1	NO	0.58	0	0	0.58	Secundario	15	336.023735183012000	1.842759338648700
32	1	1026	12.15493	Sorgo Forrajero (anual)	1	NO	0.58	0	0	0.58	Primario	25	222.500567715397000	0.995453903299791
32	2	1028	26.08672	Maiz (anual)	1	NO	0	0	0	2.23	Primario	25	1020.661372286740000	0.703220481144815
32	3	1030	12.52925	Sorgo Forrajero (anual)	1	NO	0.58	0	0	0.58	Secundario	15	49.430028178261200	0.927853132508419
32	5	1033	18.57696	TR+TB+Raigrás (1° año)	1	NO	0.29	0.29	0.29	0.29	Secundario	15	347.273050138805000	0.883732442622599
32	7	1036	8.65122	Sorgo Forrajero (anual)	1	NO	0.58	0	0	0.58	Terciario	10	300.711464390176000	0.424628289089989
32	8	1038	26.43035	Maiz (anual)	1	NO	0	0	0	2.23	Primario	25	381.268138294488000	1.165026392116130
32	9	1039	10.43474	Sorgo Forrajero (anual)	1	NO	0.58	0	0	0.58	Secundario	15	133.780963553082000	1.106905330743260
32	10	1040	17.13860	Maiz (anual)	1	NO	0	0	0	2.23	Primario	25	843.668753574096000	1.095451096845590
32	11	1042	13.61331	Moha (anual)	1	NO	0	0	0	1.16	Terciario	10	40.519915140476200	0.626292343245280
32	12	1044	10.87760	Moha (anual)	1	NO	0	0	0	1.16	Secundario	15	93.516476074134600	1.131736123511770
32	13	1046	7.50868	Moha (anual)	1	NO	0	0	0	1.16	Terciario	10	148.240588837212000	1.215118283966940
32	15	1050	5.19275	FE+TB+L (2° año)	2	NO	0.29	0.29	0.29	0.29	Secundario	15	93.823419363872500	0.537335096440952
32	16	1051	4.54124	Sorgo Forrajero (anual)	1	NO	0.58	0	0	0.58	Terciario	10	154.160567127353000	0.068631610311568
32	17	1052	4.26656	Sorgo Forrajero (anual)	1	NO	0.58	0	0	0.58	Terciario	10	228.192109811044000	0.144004238769412
32	18	1053	7.70986	Sorgo Forrajero (anual)	1	NO	0.58	0	0	0.58	Terciario	10	282.376678369181000	0.960354566231541
32	20	1056	6.08509	FE+TB+L (2° año)	2	NO	0.29	0.29	0.29	0.29	Primario	25	75.521090662255500	1.058069241769390
32	23	1061	7.21325	Sorgo Forrajero (anual)	1	NO	0.58	0	0	0.58	Secundario	15	150.633120139879000	0.336924730812187
32	24	1063	15.06282	Sorgo Forrajero (anual)	1	NO	0.58	0	0	0.58	Secundario	15	150.058588768499000	1.094648173920990
32	26	1067	2.26067	Campo Natural	1	NO	0.06	0.06	0.06	0.06	Terciario	10	85.633708088389100	1.499487441319690
32	29	1072	12.80736	Maiz (anual)	1	NO	0	0	0	2.23	Terciario	10	83.348546692175300	1.049457479700230
32	31	1076	5.67493	Sorgo Forrajero (anual)	1	NO	0.58	0	0	0.58	Primario	25	135.322916630891000	0.801802850160442
32	34	1082	17.79688	FE+TB+L (3° año)	3	NO	0.29	0.29	0.29	0.29	Secundario	15	17.484468456348000	1.165431486735790
32	35	1083	11.09633	Sorgo Forrajero (anual)	1	NO	0.58	0	0	0.58	Secundario	15	119.369633534571000	1.001980414271360
32	36	1085	12.40357	Sorgo Forrajero (anual)	1	NO	0.58	0	0	0.58	Secundario	15	63.201328169276500	1.021517874190100

