Productor.C.254	POT.N.10.0	ID.N.10.0	Sup_ha.N.21.5	USO.C.254	Tiempo.C.254	FIJO.C.2	coef_oto.C.254	coef_inv.C.254	coef_pri.C.254	coef_ver.C.254	join_Clase.C.254	join_Buffe.N.10.0	distance.N.24.15	pendmean.N.24.15
34	1	1120	24.16004	FE+TB+L (3° año)	3	NO	0.29	0.29	0.29	0.29	Secundario	15	96.716804814059700	1.310220042657520
34	2	1121	18.76713	FE+TB+L (2° año)	2	NO	0.29	0.29	0.29	0.29	Terciario	10	800.536452788062000	0.701527109504610
34	3	1123	19.99424	FE+TB+L (3° año)	3	NO	0.29	0.29	0.29	0.29	Secundario	15	120.683847968189000	1.684118606387210
34	4	1124	25.29637	Alfalfa (4° año)	4	NO	0.29	0.29	0.29	0.29	Terciario	10	828.522896335081000	1.342238633224450
34	6	1127	6.53497	Campo Natural	1	NO	0.06	0.06	0.06	0.06	Terciario	10	713.805733163547000	1.579835747585520
34	7	1128	8.21875	Achicoria (2° año)	2	NO	0.29	0.29	0.29	0.29	Terciario	10	410.718415580447000	0.134777032269505
34	10	1133	24.64557	Alfalfa (2° año)	2	NO	0.29	0.29	0.29	0.29	Primario	25	161.008335935708000	1.299458031340430
34	11	1135	15.88673	Raigrás+TB+L (2° año)	2	NO	0.29	0.29	0.29	0.29	Secundario	15	213.788188755233000	2.393026653720040
34	12	1137	5.39788	Raigrás+TB+L (2° año)	2	NO	0.29	0.29	0.29	0.29	Secundario	15	113.405530979592000	1.944644893124950
34	13	1139	3.83801	TR+Cebadilla (2° año)	2	NO	0.29	0.29	0.29	0.29	Terciario	10	88.751459948911600	0.655356501660696
34	14	1141	7.76662	TR+Cebadilla (2° año)	2	NO	0.29	0.29	0.29	0.29	Terciario	10	118.122792704102000	0.985356529553731
34	15	1143	12.38637	Raigrás+TB+L (1° año)	1	NO	0.29	0.29	0.29	0.29	Terciario	10	249.603568811002000	0.856714233220052
34	20	1151	13.85595	Maiz (anual)	1	NO	0	0	0	2.23	Terciario	10	1044.790478828830000	1.555067920996470
34	21	1152	14.11330	FE+TB+L (2° año)	2	NO	0.29	0.29	0.29	0.29	Terciario	10	764.836799243286000	1.595868898603400
34	22	1154	2.54475	Campo Natural	1	NO	0.06	0.06	0.06	0.06	Secundario	15	273.888712443206000	1.100863463348810
34	24	1157	12.35881	Sorgo Forrajero (anual)	1	NO	0.58	0	0	0.58	Terciario	10	574.337689249877000	1.336682054864100
34	25	1159	4.35843	Campo Natural	1	NO	0.06	0.06	0.06	0.06	Secundario	15	1.934157328884180	1.910573989761120
34	26	1161	10.51351	Sorgo Forrajero (anual)	1	NO	0.58	0	0	0.58	Terciario	10	160.350507676716000	1.597976078926510
34	28	1165	17.92091	Sorgo Forrajero (anual)	1	NO	0.58	0	0	0.58	Secundario	15	308.852121743774000	1.989214475866000
34	29	1166	7.58880	Achicoria (2° año)	2	NO	0.29	0.29	0.29	0.29	Terciario	10	297.731689418121000	1.130182477069040
34	30	1168	24.70142	FE+TB+L (1° año)	1	NO	0.29	0.29	0.29	0.29	Terciario	10	23.585097234222600	1.980911491383960
33	1	1087	14.07598	Campo Natural	1	NO	0.06	0.06	0.06	0.06	Primario	25	104.251655483850000	1.184100149472550
33	2	1089	14.81479	FE+TB+L (2° año)	2	NO	0.29	0.29	0.29	0.29	Primario	25	64.424262220298800	0.680007995454812
33	3	1090	11.53913	Sorgo Forrajero (anual)	1	NO	0.58	0	0	0.58	Terciario	10	199.303931149591000	0.624996731945086
33	4	1091	7.81993	Maiz (anual)	1	NO	0	0	0	2.23	Terciario	10	161.654180730097000	0.443045616694046
33	5	1093	17.66084	FE+TB+L (2° año)	2	NO	0.29	0.29	0.29	0.29	Primario	25	452.815378644362000	1.567413122104810
33	6	1095	14.35678	Sorgo Forrajero (anual)	1	NO	0.58	0	0	0.58	Secundario	15	242.985986395626000	0.900092402932706
33	7	1097	10.25321	FE+TB+L (3° año)	3	NO	0.29	0.29	0.29	0.29	Secundario	15	569.215854526795000	0.834364101488506
33	8	1099	20.54294	Achicoria (1° año)	1	NO	0.29	0.29	0.29	0.29	Primario	25	1335.167003028530000	2.224094618447610
33	9	1101	18.94790	Maiz (anual)	1	NO	0	0	0	2.23	Secundario	15	288.295947763456000	0.340986901410640
33	10	1103	17.94532	FE+TB+L (3° año)	3	NO	0.29	0.29	0.29	0.29	Primario	25	1286.390808811680000	1.553054216372620
33	11	1105	16.88067	Campo Natural	1	NO	0.06	0.06	0.06	0.06	Primario	25	1070.816837872570000	1.269069345199810
33	12	1107	35.03699	Sorgo Forrajero (anual)	1	NO	0.58	0	0	0.58	Terciario	10	66.858779123014800	1.377057136484520
33	13	1109	8.45128	Campo Natural	1	NO	0.06	0.06	0.06	0.06	Secundario	15	288.596262198354000	1.346288674200580
33	14	1111	18.70538	Campo Natural	1	NO	0.06	0.06	0.06	0.06	Secundario	15	430.663936257310000	1.201573036925890
33	15	1113	7.07492	Moha (anual)	1	NO	0	0	0	1.16	Secundario	15	630.654939494623000	1.939248772410600
33	16	1114	11.20253	Alfalfa (4° año)	4	NO	0.29	0.29	0.29	0.29	Terciario	10	270.606158434443000	0.905060973260703
33	17	1116	39.71753	Raigrás+TB+L (1° año)	1	NO	0.29	0.29	0.29	0.29	Primario	25	713.189492111060000	0.982443615607076
33	18	1118	18.11949	FE+TB+L (4° año)	4	NO	0.29	0.29	0.29	0.29	Primario	25	304.795506317078000	1.703628701120620
