Productor.C.254	POT.N.10.0	ID.N.10.0	Sup_ha.N.21.5	USO.C.254	Tiempo.C.254	FIJO.C.2	coef_oto.C.254	coef_inv.C.254	coef_pri.C.254	coef_ver.C.254	join_Clase.C.254	join_Buffe.N.10.0	distance.N.24.15	pendmean.N.24.15
20	1	556	13.43409	FE+TB+L (3° año)	3	NO	0.29	0.29	0.29	0.29	Primario	25	381.112406660370000	0.602240067989040
20	2	558	18.44367	Campo Natural	1	NO	0.06	0.06	0.06	0.06	Primario	25	208.207594210912000	0.943740962460490
20	3	559	4.70068	Achicoria (1° año)	1	NO	0.29	0.29	0.29	0.29	Terciario	10	368.595145708026000	0.771206925500114
20	4	561	11.23287	Achicoria (1° año)	1	NO	0.29	0.29	0.29	0.29	Terciario	10	278.255906839474000	1.375855311810030
20	5	563	16.21549	Raigrás+TB+L (1° año)	1	NO	0.29	0.29	0.29	0.29	Secundario	15	82.344346430542100	1.390567457924290
20	6	565	13.76153	FE+TB+L (2° año)	2	NO	0.29	0.29	0.29	0.29	Primario	25	269.367415807832000	0.935968631780461
20	7	566	16.97842	Sorgo Forrajero (anual)	1	NO	0.58	0	0	0.58	Secundario	15	287.419504425550000	1.376604996386330
20	8	568	13.00226	FE+TB+L (3° año)	3	NO	0.29	0.29	0.29	0.29	Primario	25	180.560390970882000	1.064342067576950
20	10	572	9.83057	Campo Natural	1	NO	0.06	0.06	0.06	0.06	Primario	25	130.821966411501000	0.721275595561513
20	11	573	7.61278	FE+TB+L (1° año)	1	NO	0.29	0.29	0.29	0.29	Primario	25	431.114514601870000	0.686176801366465
20	12	574	7.20846	Sorgo Forrajero (anual)	1	NO	0.58	0	0	0.58	Secundario	15	748.941254438479000	1.345197327435020
20	13	576	6.25800	Raigrás+TB+L (3° año)	3	NO	0.29	0.29	0.29	0.29	Secundario	15	493.033295694094000	1.771843127029780
20	15	579	13.91471	Sorgo Forrajero (anual)	1	NO	0.58	0	0	0.58	Secundario	15	628.551996158428000	1.530583831804250
20	16	580	7.63543	Moha (anual)	1	NO	0	0	0	1.16	Secundario	15	274.386321074830000	0.313787027809988
20	17	581	5.89472	Achicoria (2° año)	2	NO	0.29	0.29	0.29	0.29	Secundario	15	158.855356420036000	0.805618312266288
20	18	583	10.83562	Raigrás+TB+L (3° año)	3	NO	0.29	0.29	0.29	0.29	Primario	25	558.248586885905000	0.815860380108158
20	19	584	5.65610	Achicoria (2° año)	2	NO	0.29	0.29	0.29	0.29	Secundario	15	199.699021527890000	1.832126309794760
20	20	585	9.35928	FE+TB+L (1° año)	1	NO	0.29	0.29	0.29	0.29	Primario	25	535.017715221148000	1.274672372161220
20	21	587	6.28233	Sorgo Forrajero (anual)	1	NO	0.58	0	0	0.58	Secundario	15	126.402344471637000	1.077797726984470
20	22	588	7.06890	FE+TB+L (1° año)	1	NO	0.29	0.29	0.29	0.29	Secundario	15	184.205771665435000	1.704748940351720
20	28	600	8.30451	FE+TB+L (1° año)	1	NO	0.29	0.29	0.29	0.29	Primario	25	469.469389495724000	0.630646122262833
19	2	524	7.96576	Campo Natural	1	NO	0.06	0.06	0.06	0.06	Secundario	15	43.102241440102400	1.363106487468740
19	3	525	8.76118	Sorgo Forrajero (anual)	1	NO	0.58	0	0	0.58	Secundario	15	583.710133275898000	0.934507512620517
19	5	529	7.21230	Campo Natural	1	NO	0.06	0.06	0.06	0.06	Terciario	10	17.413537158751900	1.631528356900580
19	6	530	31.34474	Maiz (anual)	1	NO	0	0	0	2.23	Terciario	10	1419.534846865160000	1.111237361682230
19	7	531	10.16793	FE+TB+L (2° año)	2	NO	0.29	0.29	0.29	0.29	Terciario	10	174.528886188628000	1.847921973207720
19	9	534	9.82546	TR+TB+Raigrás (1° año)	1	NO	0.29	0.29	0.29	0.29	Secundario	15	491.195357284096000	0.329733104292642
19	10	535	6.60611	TR+TB+Raigrás (1° año)	1	NO	0.29	0.29	0.29	0.29	Secundario	15	688.184037716814000	0.463505642718240
19	11	536	8.14254	Moha (anual)	1	NO	0	0	0	1.16	Secundario	15	594.681368808123000	0.478093455505112
19	13	538	15.36961	FE+TB+L (3° año)	3	NO	0.29	0.29	0.29	0.29	Secundario	15	591.604018301000000	1.299766788149580
19	15	540	13.99639	Sorgo Forrajero (anual)	1	NO	0.58	0	0	0.58	Secundario	15	529.842181692630000	1.686717931485780
19	16	541	2.73505	Sorgo Forrajero (anual)	1	NO	0.58	0	0	0.58	Secundario	15	635.705272366578000	0.743298585060984
19	17	542	5.23335	FE+TB+L (3° año)	3	NO	0.29	0.29	0.29	0.29	Secundario	15	285.273053836874000	1.628849237129610
19	18	543	3.37533	Campo Natural	1	NO	0.06	0.06	0.06	0.06	Secundario	15	349.271376575818000	1.111377010219980
19	19	544	7.93617	Moha (anual)	1	NO	0	0	0	1.16	Secundario	15	478.260168036180000	0.381303798664233
19	20	545	5.93187	Moha (anual)	1	NO	0	0	0	1.16	Secundario	15	790.353180871033000	0.374591087148740
19	22	548	11.73032	Sorgo Forrajero (anual)	1	NO	0.58	0	0	0.58	Secundario	15	234.824619036281000	1.811403523192150
19	23	550	39.67479	Maiz (anual)	1	NO	0	0	0	2.23	Secundario	15	525.120575259655000	0.589544401722610
19	24	552	6.83033	Raigrás+TB+L (2° año)	2	NO	0.29	0.29	0.29	0.29	Secundario	15	491.574257969711000	1.516481608926480
19	25	553	11.06088	Raigrás+TB+L (2° año)	2	NO	0.29	0.29	0.29	0.29	Secundario	15	275.708204954790000	1.261153088413120
18	2	492	8.17988	FE+TB+L (2° año)	2	NO	0.29	0.29	0.29	0.29	Secundario	15	59.645932525920500	1.424156404310660
18	3	494	9.36279	FE+TB+L (2° año)	2	NO	0.29	0.29	0.29	0.29	Secundario	15	14.391247635159200	1.078563667260680
18	4	495	12.17977	FE+TB+L (1° año)	1	NO	0.29	0.29	0.29	0.29	Secundario	15	475.604885286823000	1.008438201730740
18	5	496	15.10424	FE+TB+L (1° año)	1	NO	0.29	0.29	0.29	0.29	Secundario	15	369.871908763407000	1.664727058555140
18	6	498	37.19795	Maiz (anual)	1	NO	0	0	0	2.23	Secundario	15	197.594143475603000	1.195803306108240
18	7	500	4.53572	Maiz (anual)	1	NO	0	0	0	2.23	Terciario	10	70.543151670786400	1.157281124591830
18	8	502	17.15157	Maiz (anual)	1	NO	0	0	0	2.23	Secundario	15	560.351127447067000	0.906412038517817
18	9	504	29.89632	Maiz (anual)	1	NO	0	0	0	2.23	Secundario	15	253.110169596975000	1.077044677364120
18	10	506	3.37268	Campo Natural	1	NO	0.06	0.06	0.06	0.06	Secundario	15	71.892315805451700	2.304037001572160
18	11	508	24.81271	Maiz (anual)	1	NO	0	0	0	2.23	Secundario	15	270.795874044934000	0.955102915260336
18	12	510	3.84520	Campo Natural	1	NO	0.06	0.06	0.06	0.06	Terciario	10	18.537844822842300	0.457138095237315
18	13	512	27.76654	Maiz (anual)	1	NO	0	0	0	2.23	Secundario	15	290.837963684063000	1.372885500265940
18	15	516	8.17142	Alfalfa (2° año)	2	NO	0.29	0.29	0.29	0.29	Primario	25	3.170021098274600	1.317191836494270
18	16	518	15.60301	Moha (anual)	1	NO	0	0	0	1.16	Secundario	15	360.901049230852000	1.116140634982900
18	17	520	6.01773	Moha (anual)	1	NO	0	0	0	1.16	Secundario	15	715.531947322342000	1.376278875882810
