Productor.C.254	POT.N.10.0	ID.N.10.0	Sup_ha.N.21.5	USO.C.254	Tiempo.C.254	FIJO.C.2	coef_oto.C.254	coef_inv.C.254	coef_pri.C.254	coef_ver.C.254	join_Clase.C.254	join_Buffe.N.10.0	distance.N.24.15	pendmean.N.24.15
32	1	1026	12.15493	Sorgo Forrajero (anual)	1	NO	0.58	0	0	0.58	Primario	25	222.500567715397000	0.995453903299791
32	2	1028	26.08672	Maiz (anual)	1	NO	0	0	0	2.23	Primario	25	1020.661372286740000	0.703220481144815
32	3	1030	12.52925	Sorgo Forrajero (anual)	1	NO	0.58	0	0	0.58	Secundario	15	49.430028178261200	0.927853132508419
32	5	1033	18.57696	TR+TB+Raigrás (1° año)	1	NO	0.29	0.29	0.29	0.29	Secundario	15	347.273050138805000	0.883732442622599
32	7	1036	8.65122	Sorgo Forrajero (anual)	1	NO	0.58	0	0	0.58	Terciario	10	300.711464390176000	0.424628289089989
32	8	1038	26.43035	Maiz (anual)	1	NO	0	0	0	2.23	Primario	25	381.268138294488000	1.165026392116130
32	9	1039	10.43474	Sorgo Forrajero (anual)	1	NO	0.58	0	0	0.58	Secundario	15	133.780963553082000	1.106905330743260
32	10	1040	17.13860	Maiz (anual)	1	NO	0	0	0	2.23	Primario	25	843.668753574096000	1.095451096845590
32	11	1042	13.61331	Moha (anual)	1	NO	0	0	0	1.16	Terciario	10	40.519915140476200	0.626292343245280
32	12	1044	10.87760	Moha (anual)	1	NO	0	0	0	1.16	Secundario	15	93.516476074134600	1.131736123511770
32	13	1046	7.50868	Moha (anual)	1	NO	0	0	0	1.16	Terciario	10	148.240588837212000	1.215118283966940
32	15	1050	5.19275	FE+TB+L (2° año)	2	NO	0.29	0.29	0.29	0.29	Secundario	15	93.823419363872500	0.537335096440952
32	16	1051	4.54124	Sorgo Forrajero (anual)	1	NO	0.58	0	0	0.58	Terciario	10	154.160567127353000	0.068631610311568
32	17	1052	4.26656	Sorgo Forrajero (anual)	1	NO	0.58	0	0	0.58	Terciario	10	228.192109811044000	0.144004238769412
32	18	1053	7.70986	Sorgo Forrajero (anual)	1	NO	0.58	0	0	0.58	Terciario	10	282.376678369181000	0.960354566231541
32	20	1056	6.08509	FE+TB+L (2° año)	2	NO	0.29	0.29	0.29	0.29	Primario	25	75.521090662255500	1.058069241769390
32	23	1061	7.21325	Sorgo Forrajero (anual)	1	NO	0.58	0	0	0.58	Secundario	15	150.633120139879000	0.336924730812187
32	24	1063	15.06282	Sorgo Forrajero (anual)	1	NO	0.58	0	0	0.58	Secundario	15	150.058588768499000	1.094648173920990
32	26	1067	2.26067	Campo Natural	1	NO	0.06	0.06	0.06	0.06	Terciario	10	85.633708088389100	1.499487441319690
32	29	1072	12.80736	Maiz (anual)	1	NO	0	0	0	2.23	Terciario	10	83.348546692175300	1.049457479700230
32	31	1076	5.67493	Sorgo Forrajero (anual)	1	NO	0.58	0	0	0.58	Primario	25	135.322916630891000	0.801802850160442
32	34	1082	17.79688	FE+TB+L (3° año)	3	NO	0.29	0.29	0.29	0.29	Secundario	15	17.484468456348000	1.165431486735790
32	35	1083	11.09633	Sorgo Forrajero (anual)	1	NO	0.58	0	0	0.58	Secundario	15	119.369633534571000	1.001980414271360
32	36	1085	12.40357	Sorgo Forrajero (anual)	1	NO	0.58	0	0	0.58	Secundario	15	63.201328169276500	1.021517874190100
31	1	1003	21.92909	Maiz (anual)	1	NO	0	0	0	2.23	Secundario	15	639.443559155104000	1.403077556475590
31	2	1005	22.45886	Sorgo Forrajero (anual)	1	NO	0.58	0	0	0.58	Secundario	15	64.917920021186100	2.260428237814120
31	3	1006	4.77635	Maiz (anual)	1	NO	0	0	0	2.23	Secundario	15	331.237488295912000	1.152194504010480
31	4	1008	74.56580	Campo Natural	1	NO	0.06	0.06	0.06	0.06	Primario	25	69.870474773071200	2.291582024816730
31	5	1010	16.58094	Sorgo Forrajero (anual)	1	NO	0.58	0	0	0.58	Secundario	15	60.367806942108700	0.833073536923953
31	6	1012	11.78305	Campo Natural	1	NO	0.06	0.06	0.06	0.06	Primario	25	10.654280632028100	2.965771411818670
31	7	1014	18.42483	FE+TB+L (2° año)	2	NO	0.29	0.29	0.29	0.29	Primario	25	272.346283220103000	2.022996385068430
31	8	1016	12.08588	FE+TB+L (3° año)	3	NO	0.29	0.29	0.29	0.29	Secundario	15	108.606970798160000	2.150452260712260
31	9	1018	45.65831	Maiz (anual)	1	NO	0	0	0	2.23	Secundario	15	11.595031820428200	2.569948091874320
31	10	1020	22.64117	FE+TB+L (4° año)	4	NO	0.29	0.29	0.29	0.29	Primario	25	363.140620312752000	1.958777707430620
31	11	1022	31.61834	Campo Natural	1	NO	0.06	0.06	0.06	0.06	Primario	25	15.256993489959600	2.644776755654150
31	12	1024	10.71848	Sorgo Forrajero (anual)	1	NO	0.58	0	0	0.58	Secundario	15	336.023735183012000	1.842759338648700
30	1	974	58.91841	Maiz (anual)	1	NO	0	0	0	2.23	Secundario	15	4.477144711540000	1.345627499373760
30	2	976	16.20101	Sorgo Forrajero (anual)	1	NO	0.58	0	0	0.58	Primario	25	477.220673952467000	0.856819517026513
30	3	978	6.98553	Sorgo Forrajero (anual)	1	NO	0.58	0	0	0.58	Primario	25	120.987397610108000	1.257007174463160
30	4	980	30.38905	Sorgo Forrajero (anual)	1	NO	0.58	0	0	0.58	Secundario	15	53.779525479527200	1.027613763708530
30	5	981	15.90557	Sorgo Forrajero (anual)	1	NO	0.58	0	0	0.58	Primario	25	308.892312052173000	1.323040614452430
30	6	983	9.96950	Maiz (anual)	1	NO	0	0	0	2.23	Secundario	15	44.280480938401500	2.335273104208010
30	8	987	19.60878	Sorgo Forrajero (anual)	1	NO	0.58	0	0	0.58	Primario	25	357.089448292248000	1.221136074339120
30	9	989	46.70381	Sorgo Forrajero (anual)	1	NO	0.58	0	0	0.58	Primario	25	518.346441711008000	1.127443189226850
30	10	991	52.18414	Sorgo Forrajero (anual)	1	NO	0.58	0	0	0.58	Secundario	15	107.196886103609000	1.370651448410700
30	12	995	6.52116	Sorgo Forrajero (anual)	1	NO	0.58	0	0	0.58	Secundario	15	93.427652858168100	1.308394375869210
