Productor.C.254	POT.N.10.0	ID.N.10.0	Sup_ha.N.21.5	USO.C.254	Tiempo.C.254	FIJO.C.2	coef_oto.C.254	coef_inv.C.254	coef_pri.C.254	coef_ver.C.254	join_Clase.C.254	join_Buffe.N.10.0	distance.N.24.15	pendmean.N.24.15
33	1	1087	14.07598	Campo Natural	1	NO	0.06	0.06	0.06	0.06	Primario	25	104.251655483850000	1.184100149472550
33	2	1089	14.81479	FE+TB+L (2° año)	2	NO	0.29	0.29	0.29	0.29	Primario	25	64.424262220298800	0.680007995454812
33	3	1090	11.53913	Sorgo Forrajero (anual)	1	NO	0.58	0	0	0.58	Terciario	10	199.303931149591000	0.624996731945086
33	4	1091	7.81993	Maiz (anual)	1	NO	0	0	0	2.23	Terciario	10	161.654180730097000	0.443045616694046
33	5	1093	17.66084	FE+TB+L (2° año)	2	NO	0.29	0.29	0.29	0.29	Primario	25	452.815378644362000	1.567413122104810
33	6	1095	14.35678	Sorgo Forrajero (anual)	1	NO	0.58	0	0	0.58	Secundario	15	242.985986395626000	0.900092402932706
33	7	1097	10.25321	FE+TB+L (3° año)	3	NO	0.29	0.29	0.29	0.29	Secundario	15	569.215854526795000	0.834364101488506
33	8	1099	20.54294	Achicoria (1° año)	1	NO	0.29	0.29	0.29	0.29	Primario	25	1335.167003028530000	2.224094618447610
33	9	1101	18.94790	Maiz (anual)	1	NO	0	0	0	2.23	Secundario	15	288.295947763456000	0.340986901410640
33	10	1103	17.94532	FE+TB+L (3° año)	3	NO	0.29	0.29	0.29	0.29	Primario	25	1286.390808811680000	1.553054216372620
33	11	1105	16.88067	Campo Natural	1	NO	0.06	0.06	0.06	0.06	Primario	25	1070.816837872570000	1.269069345199810
33	12	1107	35.03699	Sorgo Forrajero (anual)	1	NO	0.58	0	0	0.58	Terciario	10	66.858779123014800	1.377057136484520
33	13	1109	8.45128	Campo Natural	1	NO	0.06	0.06	0.06	0.06	Secundario	15	288.596262198354000	1.346288674200580
33	14	1111	18.70538	Campo Natural	1	NO	0.06	0.06	0.06	0.06	Secundario	15	430.663936257310000	1.201573036925890
33	15	1113	7.07492	Moha (anual)	1	NO	0	0	0	1.16	Secundario	15	630.654939494623000	1.939248772410600
33	16	1114	11.20253	Alfalfa (4° año)	4	NO	0.29	0.29	0.29	0.29	Terciario	10	270.606158434443000	0.905060973260703
33	17	1116	39.71753	Raigrás+TB+L (1° año)	1	NO	0.29	0.29	0.29	0.29	Primario	25	713.189492111060000	0.982443615607076
33	18	1118	18.11949	FE+TB+L (4° año)	4	NO	0.29	0.29	0.29	0.29	Primario	25	304.795506317078000	1.703628701120620
34	1	1120	24.16004	FE+TB+L (3° año)	3	NO	0.29	0.29	0.29	0.29	Secundario	15	96.716804814059700	1.310220042657520
34	2	1121	18.76713	FE+TB+L (2° año)	2	NO	0.29	0.29	0.29	0.29	Terciario	10	800.536452788062000	0.701527109504610
34	3	1123	19.99424	FE+TB+L (3° año)	3	NO	0.29	0.29	0.29	0.29	Secundario	15	120.683847968189000	1.684118606387210
34	4	1124	25.29637	Alfalfa (4° año)	4	NO	0.29	0.29	0.29	0.29	Terciario	10	828.522896335081000	1.342238633224450
34	6	1127	6.53497	Campo Natural	1	NO	0.06	0.06	0.06	0.06	Terciario	10	713.805733163547000	1.579835747585520
34	7	1128	8.21875	Achicoria (2° año)	2	NO	0.29	0.29	0.29	0.29	Terciario	10	410.718415580447000	0.134777032269505
34	10	1133	24.64557	Alfalfa (2° año)	2	NO	0.29	0.29	0.29	0.29	Primario	25	161.008335935708000	1.299458031340430
34	11	1135	15.88673	Raigrás+TB+L (2° año)	2	NO	0.29	0.29	0.29	0.29	Secundario	15	213.788188755233000	2.393026653720040
34	12	1137	5.39788	Raigrás+TB+L (2° año)	2	NO	0.29	0.29	0.29	0.29	Secundario	15	113.405530979592000	1.944644893124950
34	13	1139	3.83801	TR+Cebadilla (2° año)	2	NO	0.29	0.29	0.29	0.29	Terciario	10	88.751459948911600	0.655356501660696
34	14	1141	7.76662	TR+Cebadilla (2° año)	2	NO	0.29	0.29	0.29	0.29	Terciario	10	118.122792704102000	0.985356529553731
34	15	1143	12.38637	Raigrás+TB+L (1° año)	1	NO	0.29	0.29	0.29	0.29	Terciario	10	249.603568811002000	0.856714233220052
34	20	1151	13.85595	Maiz (anual)	1	NO	0	0	0	2.23	Terciario	10	1044.790478828830000	1.555067920996470
34	21	1152	14.11330	FE+TB+L (2° año)	2	NO	0.29	0.29	0.29	0.29	Terciario	10	764.836799243286000	1.595868898603400
34	22	1154	2.54475	Campo Natural	1	NO	0.06	0.06	0.06	0.06	Secundario	15	273.888712443206000	1.100863463348810
34	24	1157	12.35881	Sorgo Forrajero (anual)	1	NO	0.58	0	0	0.58	Terciario	10	574.337689249877000	1.336682054864100
34	25	1159	4.35843	Campo Natural	1	NO	0.06	0.06	0.06	0.06	Secundario	15	1.934157328884180	1.910573989761120
34	26	1161	10.51351	Sorgo Forrajero (anual)	1	NO	0.58	0	0	0.58	Terciario	10	160.350507676716000	1.597976078926510
34	28	1165	17.92091	Sorgo Forrajero (anual)	1	NO	0.58	0	0	0.58	Secundario	15	308.852121743774000	1.989214475866000
34	29	1166	7.58880	Achicoria (2° año)	2	NO	0.29	0.29	0.29	0.29	Terciario	10	297.731689418121000	1.130182477069040
34	30	1168	24.70142	FE+TB+L (1° año)	1	NO	0.29	0.29	0.29	0.29	Terciario	10	23.585097234222600	1.980911491383960
35	1	1170	28.09730	Alfalfa (1° año)	1	NO	0.29	0.29	0.29	0.29	Terciario	10	141.927260344533000	1.381478357376370
35	2	1171	3.07557	Achicoria (2° año)	2	NO	0.29	0.29	0.29	0.29	Primario	25	182.754206753497000	0.799087917804718
35	3	1172	16.24283	Achicoria (2° año)	2	NO	0.29	0.29	0.29	0.29	Primario	25	194.929446383118000	1.443965181708340
35	5	1176	12.59284	FE+TB+L (2° año)	2	NO	0.29	0.29	0.29	0.29	Secundario	15	503.267059255179000	0.445259532310824
35	6	1178	41.14324	TR+Cebadilla (1° año)	1	NO	0.29	0.29	0.29	0.29	Terciario	10	409.093909417926000	0.922939489213302
35	7	1180	23.85681	Alfalfa (4° año)	4	NO	0.29	0.29	0.29	0.29	Secundario	15	235.479271860586000	1.828521315831590
35	8	1182	14.75229	Campo Natural	1	NO	0.06	0.06	0.06	0.06	Terciario	10	728.619805914564000	1.365760210175180
35	9	1184	9.44443	Alfalfa (1° año)	1	NO	0.29	0.29	0.29	0.29	Secundario	15	329.540337276546000	1.879574863697000
35	10	1185	14.47751	FE+TB+L (2° año)	2	NO	0.29	0.29	0.29	0.29	Secundario	15	338.842763596887000	0.452998886248038
35	12	1189	18.68737	Maiz (anual)	1	NO	0	0	0	2.23	Secundario	15	175.991560090762000	1.012218885096600
35	13	1190	9.82088	Sorgo Forrajero (anual)	1	NO	0.58	0	0	0.58	Secundario	15	319.095053594192000	0.472145658084661
35	15	1194	10.10734	FE+TB+L (3° año)	3	NO	0.29	0.29	0.29	0.29	Secundario	15	157.312411333493000	1.856442445889120
35	16	1196	3.54495	Moha (anual)	1	NO	0	0	0	1.16	Secundario	15	108.569067254285000	0.545985905906639
35	17	1197	2.31974	Achicoria (2° año)	2	NO	0.29	0.29	0.29	0.29	Primario	25	328.271913907137000	0.259101955752288
35	18	1198	7.42275	Sorgo Forrajero (anual)	1	NO	0.58	0	0	0.58	Primario	25	502.274372938341000	0.604994084461626
35	19	1199	4.36184	Sorgo Forrajero (anual)	1	NO	0.58	0	0	0.58	Primario	25	704.019048595452000	1.669546158363420
35	20	1201	4.88075	Sorgo Forrajero (anual)	1	NO	0.58	0	0	0.58	Secundario	15	72.055291959168700	2.178293424157000
35	23	1206	26.88236	Alfalfa (4° año)	4	NO	0.29	0.29	0.29	0.29	Secundario	15	445.821662405405000	1.963957748657110
35	24	1207	6.17008	Sorgo Forrajero (anual)	1	NO	0.58	0	0	0.58	Secundario	15	313.876365608631000	0.752804588578228
35	25	1209	21.29231	Raigrás+TB+L (2° año)	2	NO	0.29	0.29	0.29	0.29	Secundario	15	196.606181240897000	1.787668961229960
35	26	1214	9.59993	TR+Cebadilla (1° año)	1	NO	0.29	0.29	0.29	0.29	Secundario	15	119.822305950397000	2.579754968898160
35	27	1216	6.40631	Sorgo Forrajero (anual)	1	NO	0.58	0	0	0.58	Secundario	15	78.086146525863000	0.459068451801108
35	28	1218	2.78599	Raigrás+TB+L (3° año)	3	NO	0.29	0.29	0.29	0.29	Primario	25	524.287275953539000	2.273124679442370
36	1	1220	18.89736	TR+TB+Raigrás (2°año)	2	NO	0.29	0.29	0.29	0.29	Primario	25	214.677939822918000	1.193786372021850
36	2	1222	19.70973	Sorgo Forrajero (anual)	1	NO	0.58	0	0	0.58	Primario	25	528.323074046580000	1.662937594511150
36	3	1224	17.53276	TR+TB+Raigrás (2°año)	2	NO	0.29	0.29	0.29	0.29	Secundario	15	31.032946319833300	1.530942358782420
36	4	1226	7.71162	Campo Natural	1	NO	0.06	0.06	0.06	0.06	Secundario	15	95.613365237899800	1.389713491531130
36	5	1227	12.58723	Sorgo Forrajero (anual)	1	NO	0.58	0	0	0.58	Terciario	10	628.847121963658000	0.830765624046258
36	6	1228	9.40638	Sorgo Forrajero (anual)	1	NO	0.58	0	0	0.58	Terciario	10	439.398923165285000	1.186103837388870
36	7	1230	4.28929	Campo Natural	1	NO	0.06	0.06	0.06	0.06	Secundario	15	22.372719492362600	1.041882489104660
36	8	1232	20.37731	FE+TB+L (2° año)	2	NO	0.29	0.29	0.29	0.29	Terciario	10	99.955747370088400	1.361757906251830
36	9	1234	21.44317	Maiz (anual)	1	NO	0	0	0	2.23	Cuaternario	10	267.220750632556000	1.514468124336450
36	10	1236	18.62877	FE+TB+L (4° año)	4	NO	0.29	0.29	0.29	0.29	Terciario	10	301.438350254939000	1.386803996659090
36	11	1238	4.70172	Campo Natural	1	NO	0.06	0.06	0.06	0.06	Terciario	10	59.531665701509400	2.011777418631090
36	12	1240	18.23844	Alfalfa (2° año)	2	NO	0.29	0.29	0.29	0.29	Terciario	10	139.563871397046000	0.651898437992829
36	13	1241	35.07829	Maiz (anual)	1	NO	0	0	0	2.23	Secundario	15	768.659523508261000	1.064099589462780
36	14	1242	12.45525	Maiz (anual)	1	NO	0	0	0	2.23	Terciario	10	309.483133485409000	1.259155804686470
36	15	1244	38.14454	Maiz (anual)	1	NO	0	0	0	2.23	Terciario	10	137.049256139887000	1.232374257840320
36	16	1246	10.58385	FE+TB+L (4° año)	4	NO	0.29	0.29	0.29	0.29	Secundario	15	160.080374416611000	0.870540406093125
36	17	1247	5.44191	Raigrás+TB+L (3° año)	3	NO	0.29	0.29	0.29	0.29	Secundario	15	205.928241629781000	1.334021185674980
36	18	1248	3.66144	TR+Cebadilla (1° año)	1	NO	0.29	0.29	0.29	0.29	Secundario	15	71.861780033376000	1.854205566483580
36	19	1250	24.21000	FE+TB+L (3° año)	3	NO	0.29	0.29	0.29	0.29	Terciario	10	250.607250362315000	0.927638868140357
36	20	1251	2.77818	Moha (anual)	1	NO	0	0	0	1.16	Terciario	10	124.244525776258000	1.522066940863930
36	21	1253	11.53598	FE+TB+L (3° año)	3	NO	0.29	0.29	0.29	0.29	Terciario	10	106.613464868167000	1.767106932543570
36	22	1254	10.08353	Alfalfa (1° año)	1	NO	0.29	0.29	0.29	0.29	Secundario	15	443.001017538224000	1.323968517394470
36	23	1256	21.50134	Sorgo Forrajero (anual)	1	NO	0.58	0	0	0.58	Terciario	10	253.233970372463000	1.526511309451110
36	24	1258	2.40115	Campo Natural	1	NO	0.06	0.06	0.06	0.06	Secundario	15	55.103600615552300	1.296185451745990
37	1	1260	11.41367	FE+TB+L (2° año)	2	NO	0.29	0.29	0.29	0.29	Secundario	15	142.297687170752000	0.612731433222218
37	2	1262	57.04044	TR+TB+Raigrás (1° año)	1	NO	0.29	0.29	0.29	0.29	Secundario	15	463.264128150528000	1.590459045037460
37	3	1263	19.16728	Sorgo Forrajero (anual)	1	NO	0.58	0	0	0.58	Secundario	15	341.498785227035000	1.361134114517080
37	4	1265	18.51026	FE+TB+L (3° año)	3	NO	0.29	0.29	0.29	0.29	Secundario	15	24.673885098314000	1.257959532867940
37	5	1267	30.49788	FE+TB+L (1° año)	1	NO	0.29	0.29	0.29	0.29	Secundario	15	1134.469725946710000	0.693002900574356
37	9	1275	26.72215	Alfalfa (2° año)	2	NO	0.29	0.29	0.29	0.29	Terciario	10	741.662218793133000	0.851764352036019
37	11	1279	24.78925	Alfalfa (4° año)	4	NO	0.29	0.29	0.29	0.29	Primario	25	467.602454213404000	1.037389886009390
37	12	1280	6.02919	Moha (anual)	1	NO	0	0	0	1.16	Terciario	10	162.610253732138000	0.405711019976121
37	13	1281	10.64380	Lotus Puro (3° año)	3	NO	0.29	0.29	0.29	0.29	Primario	25	898.890776688344000	0.884595970177099
37	16	1286	19.39528	Campo Natural	1	NO	0.06	0.06	0.06	0.06	Primario	25	390.355393639842000	1.014149865773920
37	17	1288	15.93789	Maiz (anual)	1	NO	0	0	0	2.23	Primario	25	607.341911508264000	1.550959185527810
37	20	1293	23.28356	FE+TB+L (1° año)	1	NO	0.29	0.29	0.29	0.29	Secundario	15	348.034436450551000	1.349375844204700
37	21	1295	13.37745	FE+TB+L (3° año)	3	NO	0.29	0.29	0.29	0.29	Primario	25	219.027577350024000	0.739259622220335
37	23	1299	21.44602	Sorgo Forrajero (anual)	1	NO	0.58	0	0	0.58	Terciario	10	261.750375595934000	0.725207076029126
37	25	1303	5.03997	TR+Cebadilla (1° año)	1	NO	0.29	0.29	0.29	0.29	Terciario	10	525.799841459338000	0.590566541327805
37	26	1305	11.68697	Sorgo Forrajero (anual)	1	NO	0.58	0	0	0.58	Secundario	15	26.259121045186000	1.227661945973520
37	27	1307	6.05466	FE+TB+L (2° año)	2	NO	0.29	0.29	0.29	0.29	Secundario	15	58.612617927259300	1.542405573354250
37	28	1308	4.83808	FE+TB+L (4° año)	4	NO	0.29	0.29	0.29	0.29	Terciario	10	429.448197722245000	0.764291392495999
37	29	1310	4.79362	TR+Cebadilla (1° año)	1	NO	0.29	0.29	0.29	0.29	Terciario	10	313.940724404732000	0.505455512840014
37	31	1313	18.71037	Maiz (anual)	1	NO	0	0	0	2.23	Primario	25	725.896908448703000	0.513299743467715
37	32	1314	28.47168	Maiz (anual)	1	NO	0	0	0	2.23	Secundario	15	235.880929377271000	1.406226980766860
37	33	1316	7.28225	FE+TB+L (2° año)	2	NO	0.29	0.29	0.29	0.29	Terciario	10	62.635299004522700	0.426077480359775
38	1	1317	7.78077	Sorgo Forrajero (anual)	1	NO	0.58	0	0	0.58	Primario	25	443.953811468597000	0.897541639374362
38	3	1321	53.38348	Alfalfa (1° año)	1	NO	0.29	0.29	0.29	0.29	Secundario	15	250.213706901378000	1.302410179868090
38	4	1322	25.82228	FE+TB+L (4° año)	4	NO	0.29	0.29	0.29	0.29	Primario	25	369.352854438701000	0.830235745395820
38	5	1324	16.16996	FE+TB+L (4° año)	4	NO	0.29	0.29	0.29	0.29	Primario	25	253.981191329681000	1.186373136399440
38	6	1326	39.65043	Sorgo Forrajero (anual)	1	NO	0.58	0	0	0.58	Secundario	15	173.752111860285000	1.193620158323510
38	7	1328	16.76479	FE+TB+L (2° año)	2	NO	0.29	0.29	0.29	0.29	Terciario	10	341.440501099762000	0.821708186339307
38	8	1330	18.34160	Raigrás+TB+L (3° año)	3	NO	0.29	0.29	0.29	0.29	Terciario	10	153.302778328654000	0.912752863149441
38	9	1332	23.79967	Alfalfa (4° año)	4	NO	0.29	0.29	0.29	0.29	Terciario	10	275.506053871284000	1.398278169418920
38	10	1334	16.41650	FE+TB+L (2° año)	2	NO	0.29	0.29	0.29	0.29	Terciario	10	71.610876999849000	0.642031102144456
38	11	1336	19.37696	FE+TB+L (3° año)	3	NO	0.29	0.29	0.29	0.29	Terciario	10	183.807213887323000	0.821799875605245
38	12	1338	14.12729	Achicoria (2° año)	2	NO	0.29	0.29	0.29	0.29	Terciario	10	29.324102197963200	1.068041208824970
38	13	1340	11.18468	Achicoria (2° año)	2	NO	0.29	0.29	0.29	0.29	Terciario	10	144.292070102933000	0.868489585757256
38	14	1342	23.31258	FE+TB+L (3° año)	3	NO	0.29	0.29	0.29	0.29	Terciario	10	21.648703537584300	0.457739420350670
38	15	1344	31.62256	FE+TB+L (3° año)	3	NO	0.29	0.29	0.29	0.29	Terciario	10	21.879300465812600	2.138232607816590
38	16	1346	28.73597	Raigrás+TB+L (2° año)	2	NO	0.29	0.29	0.29	0.29	Terciario	10	114.349328730468000	1.920488831639850
38	17	1348	19.93785	Raigrás+TB+L (3° año)	3	NO	0.29	0.29	0.29	0.29	Terciario	10	285.228393794096000	0.713295778622050
38	18	1350	8.42821	FE+TB+L (1° año)	1	NO	0.29	0.29	0.29	0.29	Secundario	15	120.577536512768000	0.871021203773538
38	19	1352	20.58065	Raigrás+TB+L (3° año)	3	NO	0.29	0.29	0.29	0.29	Terciario	10	370.666623696067000	0.622975942059235
38	20	1353	12.71219	FE+TB+L (2° año)	2	NO	0.29	0.29	0.29	0.29	Secundario	15	218.548190508628000	1.372652278714620
38	21	1355	17.77712	Sorgo Forrajero (anual)	1	NO	0.58	0	0	0.58	Terciario	10	158.661169300823000	0.838380626484829
38	22	1357	4.44190	TR+Cebadilla (2° año)	2	NO	0.29	0.29	0.29	0.29	Primario	25	112.676808002474000	1.218997427877390
38	24	1359	6.25783	Sorgo Forrajero (anual)	1	NO	0.58	0	0	0.58	Primario	25	684.302353113862000	0.493363151167120
39	1	1361	22.59041	Maiz (anual)	1	NO	0	0	0	2.23	Secundario	15	298.574827568272000	1.543159320980190
39	2	1363	25.16208	TR+Cebadilla (1° año)	1	NO	0.29	0.29	0.29	0.29	Primario	25	328.673990360932000	1.910849195676340
39	3	1365	22.13334	Maiz (anual)	1	NO	0	0	0	2.23	Primario	25	393.853731438101000	1.776673395492010
39	4	1367	19.55412	Achicoria (2° año)	2	NO	0.29	0.29	0.29	0.29	Secundario	15	33.530356885218500	1.966221082836530
39	5	1369	23.93532	Maiz (anual)	1	NO	0	0	0	2.23	Primario	25	881.551627080757000	1.620192499559250
39	6	1371	35.13564	Campo Natural	1	NO	0.06	0.06	0.06	0.06	Primario	25	13.421274681355700	1.292554358757720
39	7	1372	8.63286	Raigrás+TB+L (2° año)	2	NO	0.29	0.29	0.29	0.29	Secundario	15	445.501256119647000	1.338018691416870
39	8	1374	2.77426	Sorgo Forrajero (anual)	1	NO	0.58	0	0	0.58	Secundario	15	53.140839549942500	0.592676316838591
39	9	1375	11.35515	Alfalfa (1° año)	1	NO	0.29	0.29	0.29	0.29	Secundario	15	521.919377612526000	0.902596494226944
39	10	1377	6.60160	Campo Natural	1	NO	0.06	0.06	0.06	0.06	Secundario	15	101.003984264517000	0.928785516382897
39	11	1378	7.48091	Sorgo Forrajero (anual)	1	NO	0.58	0	0	0.58	Terciario	10	710.886794261747000	1.558736541756880
39	12	1379	7.38041	Sorgo Forrajero (anual)	1	NO	0.58	0	0	0.58	Terciario	10	255.426491568206000	1.215569076221440
39	13	1380	7.66541	Sorgo Forrajero (anual)	1	NO	0.58	0	0	0.58	Secundario	15	280.050901329629000	1.950454554338570
39	14	1382	10.55896	FE+TB+L (1° año)	1	NO	0.29	0.29	0.29	0.29	Secundario	15	247.807241743807000	0.599919732091372
39	16	1384	7.86726	FE+TB+L (3° año)	3	NO	0.29	0.29	0.29	0.29	Terciario	10	146.715253929355000	2.241857740012080
39	17	1386	7.57768	Campo Natural	1	NO	0.06	0.06	0.06	0.06	Terciario	10	68.423953456914000	1.156438426003750
39	18	1387	4.46366	Alfalfa (4° año)	4	NO	0.29	0.29	0.29	0.29	Terciario	10	123.475436742094000	2.680118429660800
39	19	1389	7.75460	Sorgo Forrajero (anual)	1	NO	0.58	0	0	0.58	Secundario	15	180.878555581220000	1.859542407709010
39	20	1390	1.84566	Raigrás+TB+L (1° año)	1	NO	0.29	0.29	0.29	0.29	Secundario	15	226.199093537974000	1.564979451043270
39	21	1391	4.66252	FE+TB+L (4° año)	4	NO	0.29	0.29	0.29	0.29	Secundario	15	127.985165723410000	2.626342990077460
39	22	1393	4.49354	Campo Natural	1	NO	0.06	0.06	0.06	0.06	Secundario	15	125.782578012548000	0.996999698189589
39	24	1396	2.43657	Campo Natural	1	NO	0.06	0.06	0.06	0.06	Secundario	15	25.625328062851900	1.210404398718050
39	27	1399	8.98780	FE+TB+L (2° año)	2	NO	0.29	0.29	0.29	0.29	Secundario	15	314.102490107113000	0.412028318047523
39	28	1400	4.93333	FE+TB+L (2° año)	2	NO	0.29	0.29	0.29	0.29	Secundario	15	156.330419414068000	1.630362857471810
39	29	1401	3.94825	FE+TB+L (4° año)	4	NO	0.29	0.29	0.29	0.29	Secundario	15	411.323895465581000	1.159825681962750
39	31	1403	2.24546	Moha (anual)	1	NO	0	0	0	1.16	Secundario	15	301.490029516548000	0.673260118674349
39	32	1405	3.71353	TR+Cebadilla (2° año)	2	NO	0.29	0.29	0.29	0.29	Secundario	15	94.820948305566600	3.371627279690330
39	33	1406	3.87716	TR+Cebadilla (2° año)	2	NO	0.29	0.29	0.29	0.29	Secundario	15	301.213977648027000	1.038364540512970
39	34	1407	3.52965	Moha (anual)	1	NO	0	0	0	1.16	Secundario	15	197.997350998935000	2.275828873238910
39	35	1409	4.14785	TR+Cebadilla (1° año)	1	NO	0.29	0.29	0.29	0.29	Secundario	15	141.448731958604000	0.924900986750921
39	36	1410	6.57805	FE+TB+L (1° año)	1	NO	0.29	0.29	0.29	0.29	Secundario	15	303.262155274490000	0.889797729253769
39	37	1411	3.48867	Moha (anual)	1	NO	0	0	0	1.16	Secundario	15	331.240687940701000	0.574110699005616
39	38	1412	6.11030	FE+TB+L (2° año)	2	NO	0.29	0.29	0.29	0.29	Secundario	15	136.786315900036000	2.452973466685840
39	39	1414	5.28843	Alfalfa (2° año)	2	NO	0.29	0.29	0.29	0.29	Secundario	15	2.123171646062670	1.904437131665900
39	41	1418	5.84001	FE+TB+L (3° año)	3	NO	0.29	0.29	0.29	0.29	Secundario	15	65.329991425164400	2.554145389236510
39	42	1420	5.39613	FE+TB+L (3° año)	3	NO	0.29	0.29	0.29	0.29	Secundario	15	29.322282111084000	1.803255086315090
39	43	1422	12.64379	Lotus Puro (3° año)	3	NO	0.29	0.29	0.29	0.29	Primario	25	597.956780017569000	1.793816757348210
39	44	1424	12.74863	TR+TB+Raigrás (2°año)	2	NO	0.29	0.29	0.29	0.29	Primario	25	854.974560722917000	2.549201336841210
39	45	1426	33.50488	Campo Natural	1	NO	0.06	0.06	0.06	0.06	Primario	25	540.327633336186000	1.370549876333250
39	46	1428	13.96466	Raigrás+TB+L (1° año)	1	NO	0.29	0.29	0.29	0.29	Primario	25	208.887712538220000	0.574163582998437
39	47	1430	9.47133	Campo Natural	1	NO	0.06	0.06	0.06	0.06	Secundario	15	79.116574545109700	0.987908951583363
39	48	1432	51.23215	Campo Natural	1	NO	0.06	0.06	0.06	0.06	Primario	25	246.965353677475000	0.399795822198139
39	49	1433	8.40113	Moha (anual)	1	NO	0	0	0	1.16	Secundario	15	243.513890123364000	1.537806134161200
39	50	1435	6.19708	Campo Natural	1	NO	0.06	0.06	0.06	0.06	Secundario	15	48.949679522463400	1.528165528739710
39	52	1438	4.36651	Alfalfa (4° año)	4	NO	0.29	0.29	0.29	0.29	Secundario	15	96.358289058448200	1.290028786172670
39	54	1440	6.87261	TR+TB+Raigrás (1° año)	1	NO	0.29	0.29	0.29	0.29	Terciario	10	464.888663199143000	2.144731116138010
39	55	1441	3.05672	FE+TB+L (4° año)	4	NO	0.29	0.29	0.29	0.29	Secundario	15	249.334891731265000	1.834850039212930
39	56	1443	4.74395	FE+TB+L (2° año)	2	NO	0.29	0.29	0.29	0.29	Secundario	15	40.894372067933000	1.403451927292810
39	57	1444	6.38822	TR+TB+Raigrás (1° año)	1	NO	0.29	0.29	0.29	0.29	Terciario	10	591.685350599801000	1.945972545693320
39	59	1446	11.60466	Lotus Puro (2° año)	2	NO	0.29	0.29	0.29	0.29	Secundario	15	501.512692165488000	0.845607625421628
39	60	1447	10.94881	Raigrás+TB+L (3° año)	3	NO	0.29	0.29	0.29	0.29	Secundario	15	553.698978215327000	1.534660181661780
39	61	1448	1.94906	Alfalfa (4° año)	4	NO	0.29	0.29	0.29	0.29	Secundario	15	349.123505290978000	0.535094321543432
40	1	1451	19.05370	Sorgo Forrajero (anual)	1	NO	0.58	0	0	0.58	Primario	25	13.432991776577400	1.221807837759680
40	2	1453	44.30569	Maiz (anual)	1	NO	0	0	0	2.23	Secundario	15	436.159566851932000	1.295673063694980
40	3	1455	85.09962	Maiz (anual)	1	NO	0	0	0	2.23	Secundario	15	31.661556464766700	1.723263563545130
40	4	1457	13.87164	FE+TB+L (2° año)	2	NO	0.29	0.29	0.29	0.29	Primario	25	179.556668767267000	3.055598366473400
40	6	1461	32.62869	Sorgo Forrajero (anual)	1	NO	0.58	0	0	0.58	Primario	25	543.878776573129000	1.453977531667870
40	7	1463	59.94971	TR+Cebadilla (2° año)	2	NO	0.29	0.29	0.29	0.29	Primario	25	126.358281742499000	1.497274484660630
40	10	1469	24.09835	Sorgo Forrajero (anual)	1	NO	0.58	0	0	0.58	Primario	25	339.778320920301000	1.605145300990680
40	11	1471	19.11955	Sorgo Forrajero (anual)	1	NO	0.58	0	0	0.58	Primario	25	371.939712242837000	1.526159216893960
40	12	1473	11.08539	Sorgo Forrajero (anual)	1	NO	0.58	0	0	0.58	Primario	25	452.853891527587000	1.810820266604420
40	13	1475	10.58752	Alfalfa (4° año)	4	NO	0.29	0.29	0.29	0.29	Primario	25	181.646774375306000	0.933820758564550
40	14	1477	3.86093	Achicoria (2° año)	2	NO	0.29	0.29	0.29	0.29	Primario	25	750.917417049068000	1.389184093901090
40	15	1479	20.09824	Alfalfa (4° año)	4	NO	0.29	0.29	0.29	0.29	Primario	25	397.701743495373000	1.172098621589950
40	16	1481	16.54556	Raigrás+TB+L (2° año)	2	NO	0.29	0.29	0.29	0.29	Primario	25	1348.224250802100000	1.132551429550290
40	17	1483	13.23501	Raigrás+TB+L (2° año)	2	NO	0.29	0.29	0.29	0.29	Primario	25	433.202931402955000	1.571325716940130
40	18	1484	23.69428	Moha (anual)	1	NO	0	0	0	1.16	Primario	25	1163.193824213310000	0.900885953051302
40	19	1486	14.97624	Alfalfa (2° año)	2	NO	0.29	0.29	0.29	0.29	Primario	25	930.594577380171000	0.784036833826587
40	21	1489	17.65784	FE+TB+L (4° año)	4	NO	0.29	0.29	0.29	0.29	Primario	25	946.428226319617000	1.568402584389940
40	24	1493	29.18222	FE+TB+L (2° año)	2	NO	0.29	0.29	0.29	0.29	Secundario	15	309.450773823601000	1.803815459723660
40	25	1495	33.83092	FE+TB+L (3° año)	3	NO	0.29	0.29	0.29	0.29	Secundario	15	13.170954921766000	2.180637818671040
40	27	1499	11.82526	Campo Natural	1	NO	0.06	0.06	0.06	0.06	Primario	25	1191.521542335600000	1.898487752112820
40	28	1501	6.69380	FE+TB+L (4° año)	4	NO	0.29	0.29	0.29	0.29	Primario	25	27.509040341817600	0.845256587098304
40	30	1505	15.18999	FE+TB+L (4° año)	4	NO	0.29	0.29	0.29	0.29	Primario	25	1166.756606366200000	1.963547494414070
40	31	1509	20.59739	FE+TB+L (4° año)	4	NO	0.29	0.29	0.29	0.29	Primario	25	1301.398779880060000	0.791147263728873
40	30	1507	0.45339	FE+TB+L (4° año)	4	NO	0.29	0.29	0.29	0.29	Terciario	10	23.213837305917900	2.053116043408710
41	1	1511	33.15065	Maiz (anual)	1	NO	0	0	0	2.23	Terciario	10	4.448862338113900	1.302960698775820
41	2	1513	8.01164	Campo Natural	1	NO	0.06	0.06	0.06	0.06	Terciario	10	60.464138957641200	1.565857725484030
41	4	1516	17.50901	Campo Natural	1	NO	0.06	0.06	0.06	0.06	Secundario	15	135.999094530732000	1.101692818846380
41	5	1518	59.35405	Maiz (anual)	1	NO	0	0	0	2.23	Primario	25	559.140953744881000	0.940163607838930
41	6	1520	16.67179	Sorgo Forrajero (anual)	1	NO	0.58	0	0	0.58	Terciario	10	247.575060653295000	1.384138975087760
41	7	1522	9.23625	Sorgo Forrajero (anual)	1	NO	0.58	0	0	0.58	Terciario	10	117.787129362910000	1.713202957764710
41	8	1523	18.98898	Maiz (anual)	1	NO	0	0	0	2.23	Terciario	10	546.539615549225000	0.902728287670850
41	9	1524	18.08144	Maiz (anual)	1	NO	0	0	0	2.23	Terciario	10	794.668204285154000	0.790683246459629
41	10	1526	23.51775	Maiz (anual)	1	NO	0	0	0	2.23	Terciario	10	658.658402646378000	0.434937059097276
41	11	1528	48.98287	Maiz (anual)	1	NO	0	0	0	2.23	Secundario	15	400.493787119013000	0.764859607354190
41	12	1530	18.84552	Maiz (anual)	1	NO	0	0	0	2.23	Terciario	10	1.632470604094750	1.070800330471880
41	14	1533	17.82105	Maiz (anual)	1	NO	0	0	0	2.23	Terciario	10	317.123992014806000	1.580524110627660
41	15	1535	2.16652	FE+TB+L (2° año)	2	NO	0.29	0.29	0.29	0.29	Terciario	10	48.063939971988900	2.471734109132190
42	1	1539	12.04610	FE+TB+L (2° año)	2	NO	0.29	0.29	0.29	0.29	Terciario	10	78.186742375010500	1.845300032695140
42	2	1540	10.29414	FE+TB+L (2° año)	2	NO	0.29	0.29	0.29	0.29	Secundario	15	893.445976379767000	0.778154243186519
42	3	1542	35.20659	Maiz (anual)	1	NO	0	0	0	2.23	Terciario	10	229.764348314325000	1.701225369607010
42	4	1544	9.46106	FE+TB+L (4° año)	4	NO	0.29	0.29	0.29	0.29	Terciario	10	169.862072544185000	1.257676140041580
42	5	1546	19.65239	FE+TB+L (3° año)	3	NO	0.29	0.29	0.29	0.29	Terciario	10	272.453800719315000	1.238061339124490
42	6	1548	3.39604	Sorgo Forrajero (anual)	1	NO	0.58	0	0	0.58	Terciario	10	29.953221894344400	0.485602007051440
42	7	1550	13.11589	Campo Natural	1	NO	0.06	0.06	0.06	0.06	Primario	25	30.611522948938500	0.661368444510218
42	8	1552	8.25871	FE+TB+L (4° año)	4	NO	0.29	0.29	0.29	0.29	Primario	25	226.313007382101000	0.576240481583627
42	9	1554	16.87111	Sorgo Forrajero (anual)	1	NO	0.58	0	0	0.58	Primario	25	573.236020154451000	1.452554108146680
42	10	1556	7.86157	Campo Natural	1	NO	0.06	0.06	0.06	0.06	Secundario	15	123.170924695613000	1.845872079624850
42	11	1557	6.23147	Sorgo Forrajero (anual)	1	NO	0.58	0	0	0.58	Primario	25	267.667040663680000	1.177391556786820
42	12	1559	15.09638	Maiz (anual)	1	NO	0	0	0	2.23	Terciario	10	271.440310024596000	0.350717668283797
42	13	1561	22.95712	Maiz (anual)	1	NO	0	0	0	2.23	Terciario	10	46.097299647481700	0.941574622800842
42	14	1562	8.70082	Sorgo Forrajero (anual)	1	NO	0.58	0	0	0.58	Terciario	10	315.505072016565000	0.717565553128412
42	16	1566	21.62116	Maiz (anual)	1	NO	0	0	0	2.23	Secundario	15	316.407463770396000	1.324967892281320
42	17	1568	20.67671	Maiz (anual)	1	NO	0	0	0	2.23	Secundario	15	608.319841661876000	1.322060683250300
42	18	1570	22.88297	Maiz (anual)	1	NO	0	0	0	2.23	Secundario	15	11.481384400313400	1.219948691641000
42	19	1571	23.56833	Sorgo Forrajero (anual)	1	NO	0.58	0	0	0.58	Primario	25	476.750079813807000	1.824034280358600
42	21	1575	41.46947	Sorgo Forrajero (anual)	1	NO	0.58	0	0	0.58	Secundario	15	192.861607390053000	1.499287489296930
42	22	1576	2.74074	Alfalfa (3° año)	3	NO	0.29	0.29	0.29	0.29	Terciario	10	112.592886001338000	0.079637503809424

