Productor.C.254	POT.N.10.0	ID.N.10.0	Sup_ha.N.21.5	USO.C.254	Tiempo.C.254	FIJO.C.2	coef_oto.C.254	coef_inv.C.254	coef_pri.C.254	coef_ver.C.254	join_Clase.C.254	join_Buffe.N.10.0	distance.N.24.15	pendmean.N.24.15
9	1	160	13.36894	TR+Cebadilla (1° año)	1	NO	0.29	0.29	0.29	0.29	Terciario	10	820.780308401744000	1.393645772387580
9	2	162	34.88563	Maiz (anual)	1	NO	0	0	0	2.23	Primario	25	838.400241131500000	0.935711600507299
9	3	164	19.04763	FE+TB+L (3° año)	3	NO	0.29	0.29	0.29	0.29	Terciario	10	102.120847840617000	1.423282189128540
9	4	165	4.06745	Achicoria (1° año)	1	NO	0.29	0.29	0.29	0.29	Primario	25	533.945280638434000	0.529838678681038
9	6	168	2.94736	Moha (anual)	1	NO	0	0	0	1.16	Terciario	10	304.140384919892000	0.562927907163447
9	8	171	4.30393	TR+Cebadilla (1° año)	1	NO	0.29	0.29	0.29	0.29	Primario	25	476.912459632296000	0.356964572503859
9	9	173	2.56646	TR+Cebadilla (1° año)	1	NO	0.29	0.29	0.29	0.29	Primario	25	219.249431463325000	1.112124979762090
9	11	176	4.52767	Campo Natural	1	NO	0.06	0.06	0.06	0.06	Primario	25	207.917751432696000	0.751835882663727
9	12	178	13.69274	Maiz (anual)	1	NO	0	0	0	2.23	Primario	25	721.822948839835000	0.673829156634034
9	13	179	6.41097	FE+TB+L (2° año)	2	NO	0.29	0.29	0.29	0.29	Primario	25	557.710031297199000	0.619424940380332
9	14	180	4.66872	FE+TB+L (2° año)	2	NO	0.29	0.29	0.29	0.29	Primario	25	522.629954047412000	0.594291189931474
9	15	181	5.13223	Sorgo Forrajero (anual)	1	NO	0.58	0	0	0.58	Primario	25	282.644352273521000	0.652148055233832
9	16	182	4.70239	FE+TB+L (1° año)	1	NO	0.29	0.29	0.29	0.29	Primario	25	427.274790520627000	0.517964645343668
9	17	183	4.37315	FE+TB+L (1° año)	1	NO	0.29	0.29	0.29	0.29	Primario	25	480.149841973898000	0.486745161505846
9	18	185	12.91792	Raigrás+TB+L (1° año)	1	NO	0.29	0.29	0.29	0.29	Terciario	10	34.561033276839600	2.014866175664050
9	19	186	5.37755	Alfalfa (1° año)	1	NO	0.29	0.29	0.29	0.29	Terciario	10	1031.548001039530000	1.715611398400320
9	20	187	2.37253	Maiz (anual)	1	NO	0	0	0	2.23	Primario	25	1223.967953771630000	2.212710374822980
9	21	189	5.92197	Alfalfa (1° año)	1	NO	0.29	0.29	0.29	0.29	Terciario	10	894.536254081664000	1.782435139611600
9	22	190	2.98367	Alfalfa (3° año)	3	NO	0.29	0.29	0.29	0.29	Terciario	10	766.436871566766000	1.169243744828480
9	23	192	3.61691	Alfalfa (3° año)	3	NO	0.29	0.29	0.29	0.29	Primario	25	1259.469970071920000	2.824354673043270
9	26	197	8.41451	Alfalfa (2° año)	2	NO	0.29	0.29	0.29	0.29	Primario	25	1132.453287502160000	0.644879046748293
9	27	198	4.33010	Maiz (anual)	1	NO	0	0	0	2.23	Primario	25	1364.540641962700000	1.707880786309640
10	2	201	17.14385	TR+Cebadilla (1° año)	1	NO	0.29	0.29	0.29	0.29	Primario	25	652.457466991892000	0.897044468011397
10	4	204	21.25634	Sorgo Forrajero (anual)	1	NO	0.58	0	0	0.58	Primario	25	289.850475894092000	0.785288863934768
10	6	207	12.44918	Campo Natural	1	NO	0.06	0.06	0.06	0.06	Primario	25	296.586144402047000	0.867119308252832
10	7	208	9.43650	TR+Cebadilla (2° año)	2	NO	0.29	0.29	0.29	0.29	Primario	25	945.729363415729000	1.285815639455210
10	8	209	12.67022	Achicoria (2° año)	2	NO	0.29	0.29	0.29	0.29	Primario	25	843.464258520461000	1.623587919002840
10	9	210	15.71370	Sorgo Forrajero (anual)	1	NO	0.58	0	0	0.58	Primario	25	1354.193317861180000	1.475335868813940
10	10	211	3.92486	Alfalfa (2° año)	2	NO	0.29	0.29	0.29	0.29	Primario	25	271.197538647090000	0.814017848111689
10	12	214	4.70201	FE+TB+L (4° año)	4	NO	0.29	0.29	0.29	0.29	Primario	25	486.405402468398000	1.300043490855900
10	13	215	4.06674	Alfalfa (1° año)	1	NO	0.29	0.29	0.29	0.29	Primario	25	675.551578058590000	0.409648313728529
10	15	218	4.44920	FE+TB+L (2° año)	2	NO	0.29	0.29	0.29	0.29	Primario	25	554.057367663613000	0.121832380233252
10	16	220	4.55278	Alfalfa (1° año)	1	NO	0.29	0.29	0.29	0.29	Primario	25	475.399604802535000	1.876594394445420
10	17	222	9.31049	Campo Natural	1	NO	0.06	0.06	0.06	0.06	Primario	25	189.906398268479000	1.481319572957390
10	18	224	20.92606	FE+TB+L (3° año)	3	NO	0.29	0.29	0.29	0.29	Primario	25	220.297707665084000	0.813994942045518
10	19	225	13.44206	Campo Natural	1	NO	0.06	0.06	0.06	0.06	Primario	25	470.568407987313000	0.786562275566511
10	21	228	3.51086	Alfalfa (4° año)	4	NO	0.29	0.29	0.29	0.29	Primario	25	118.756263680585000	1.217689921727050
10	22	229	6.19650	Alfalfa (2° año)	2	NO	0.29	0.29	0.29	0.29	Primario	25	498.784286107617000	0.372441773720754
10	23	230	2.46890	Moha (anual)	1	NO	0	0	0	1.16	Primario	25	743.000214928148000	0.235106410533190
