Productor.C.254	POT.N.10.0	ID.N.10.0	Sup_ha.N.21.5	USO.C.254	Tiempo.C.254	FIJO.C.2	coef_oto.C.254	coef_inv.C.254	coef_pri.C.254	coef_ver.C.254	join_Clase.C.254	join_Buffe.N.10.0	distance.N.24.15	pendmean.N.24.15
29	1	911	3.63470	FE+TB+L (4° año)	4	NO	0.29	0.29	0.29	0.29	Terciario	10	448.884528813664000	0.186888498812914
29	2	913	20.94183	TR+Cebadilla (2° año)	2	NO	0.29	0.29	0.29	0.29	Terciario	10	52.042315367034000	1.546737351860760
29	3	914	2.69563	FE+TB+L (4° año)	4	NO	0.29	0.29	0.29	0.29	Terciario	10	278.524185560301000	1.493428365778060
29	4	915	2.63666	FE+TB+L (4° año)	4	NO	0.29	0.29	0.29	0.29	Terciario	10	110.240874541982000	1.049495269854860
29	5	916	15.36340	TR+TB+Raigrás (2°año)	2	NO	0.29	0.29	0.29	0.29	Secundario	15	199.564769910003000	0.920051021126689
29	6	917	3.11053	Alfalfa (1° año)	1	NO	0.29	0.29	0.29	0.29	Terciario	10	303.243913865321000	2.207638407454770
29	7	918	4.64721	Alfalfa (1° año)	1	NO	0.29	0.29	0.29	0.29	Terciario	10	241.355281686918000	0.841316235515307
29	8	920	7.42184	TR+TB+Raigrás (2°año)	2	NO	0.29	0.29	0.29	0.29	Terciario	10	4.433147799839990	1.370851663343700
29	9	922	7.33031	Lotus Puro (3° año)	3	NO	0.29	0.29	0.29	0.29	Secundario	15	255.923887247699000	1.415038659935820
29	10	924	5.56990	FE+TB+L (1° año)	1	NO	0.29	0.29	0.29	0.29	Primario	25	433.753654996006000	1.917915694049150
29	11	926	6.57388	TR+TB+Raigrás (1° año)	1	NO	0.29	0.29	0.29	0.29	Secundario	15	52.616234553670200	1.931748149125540
29	12	928	10.55839	Sorgo Forrajero (anual)	1	NO	0.58	0	0	0.58	Secundario	15	78.468173592533300	1.682857665496000
29	15	934	8.62679	Sorgo Forrajero (anual)	1	NO	0.58	0	0	0.58	Secundario	15	462.576532785864000	2.496966748752380
29	16	936	7.87642	TR+TB+Raigrás (1° año)	1	NO	0.29	0.29	0.29	0.29	Secundario	15	177.431677085854000	1.090991345684180
29	17	937	10.54857	Maiz (anual)	1	NO	0	0	0	2.23	Terciario	10	300.877732428972000	0.729106342009569
29	18	938	8.15097	Alfalfa (4° año)	4	NO	0.29	0.29	0.29	0.29	Secundario	15	278.121993930260000	0.770210096837728
29	19	940	1.40673	Alfalfa (4° año)	4	NO	0.29	0.29	0.29	0.29	Terciario	10	389.628858358813000	1.341574478149410
29	20	941	11.13821	TR+Cebadilla (1° año)	1	NO	0.29	0.29	0.29	0.29	Secundario	15	298.964908832608000	1.149451486027440
29	21	943	7.53098	FE+TB+L (1° año)	1	NO	0.29	0.29	0.29	0.29	Secundario	15	47.009431963500100	1.222919490407500
29	22	945	7.42157	FE+TB+L (1° año)	1	NO	0.29	0.29	0.29	0.29	Secundario	15	176.548198949915000	0.629349916805456
29	27	954	16.57101	Sorgo Forrajero (anual)	1	NO	0.58	0	0	0.58	Secundario	15	126.283748014705000	1.308090687919690
29	29	958	11.20853	TR+Cebadilla (1° año)	1	NO	0.29	0.29	0.29	0.29	Secundario	15	11.979223374304600	0.514885504884044
29	30	960	54.85379	Maiz (anual)	1	NO	0	0	0	2.23	Primario	25	251.944853945403000	0.896084650373850
29	31	962	4.00000	Campo Natural	1	NO	0.06	0.06	0.06	0.06	Terciario	10	106.514769135835000	2.426188448848930
29	32	964	5.75309	Achicoria (1° año)	1	NO	0.29	0.29	0.29	0.29	Terciario	10	311.777728760104000	1.159334718249740
29	33	966	7.97179	Achicoria (2° año)	2	NO	0.29	0.29	0.29	0.29	Terciario	10	99.277940381165900	1.741209374419570
29	35	970	7.27224	Moha (anual)	1	NO	0	0	0	1.16	Terciario	10	522.076909755930000	0.499187426454183
29	36	971	3.84269	Sorgo Forrajero (anual)	1	NO	0.58	0	0	0.58	Terciario	10	143.032227772765000	1.212920359202790
29	37	972	6.45614	Sorgo Forrajero (anual)	1	NO	0.58	0	0	0.58	Terciario	10	287.149085411139000	1.863781169056890
30	1	974	58.91841	Maiz (anual)	1	NO	0	0	0	2.23	Secundario	15	4.477144711540000	1.345627499373760
30	2	976	16.20101	Sorgo Forrajero (anual)	1	NO	0.58	0	0	0.58	Primario	25	477.220673952467000	0.856819517026513
30	3	978	6.98553	Sorgo Forrajero (anual)	1	NO	0.58	0	0	0.58	Primario	25	120.987397610108000	1.257007174463160
30	4	980	30.38905	Sorgo Forrajero (anual)	1	NO	0.58	0	0	0.58	Secundario	15	53.779525479527200	1.027613763708530
30	5	981	15.90557	Sorgo Forrajero (anual)	1	NO	0.58	0	0	0.58	Primario	25	308.892312052173000	1.323040614452430
30	6	983	9.96950	Maiz (anual)	1	NO	0	0	0	2.23	Secundario	15	44.280480938401500	2.335273104208010
30	8	987	19.60878	Sorgo Forrajero (anual)	1	NO	0.58	0	0	0.58	Primario	25	357.089448292248000	1.221136074339120
30	9	989	46.70381	Sorgo Forrajero (anual)	1	NO	0.58	0	0	0.58	Primario	25	518.346441711008000	1.127443189226850
30	10	991	52.18414	Sorgo Forrajero (anual)	1	NO	0.58	0	0	0.58	Secundario	15	107.196886103609000	1.370651448410700
30	12	995	6.52116	Sorgo Forrajero (anual)	1	NO	0.58	0	0	0.58	Secundario	15	93.427652858168100	1.308394375869210
31	1	1003	21.92909	Maiz (anual)	1	NO	0	0	0	2.23	Secundario	15	639.443559155104000	1.403077556475590
31	2	1005	22.45886	Sorgo Forrajero (anual)	1	NO	0.58	0	0	0.58	Secundario	15	64.917920021186100	2.260428237814120
31	3	1006	4.77635	Maiz (anual)	1	NO	0	0	0	2.23	Secundario	15	331.237488295912000	1.152194504010480
31	4	1008	74.56580	Campo Natural	1	NO	0.06	0.06	0.06	0.06	Primario	25	69.870474773071200	2.291582024816730
31	5	1010	16.58094	Sorgo Forrajero (anual)	1	NO	0.58	0	0	0.58	Secundario	15	60.367806942108700	0.833073536923953
31	6	1012	11.78305	Campo Natural	1	NO	0.06	0.06	0.06	0.06	Primario	25	10.654280632028100	2.965771411818670
31	7	1014	18.42483	FE+TB+L (2° año)	2	NO	0.29	0.29	0.29	0.29	Primario	25	272.346283220103000	2.022996385068430
31	8	1016	12.08588	FE+TB+L (3° año)	3	NO	0.29	0.29	0.29	0.29	Secundario	15	108.606970798160000	2.150452260712260
31	9	1018	45.65831	Maiz (anual)	1	NO	0	0	0	2.23	Secundario	15	11.595031820428200	2.569948091874320
31	10	1020	22.64117	FE+TB+L (4° año)	4	NO	0.29	0.29	0.29	0.29	Primario	25	363.140620312752000	1.958777707430620
31	11	1022	31.61834	Campo Natural	1	NO	0.06	0.06	0.06	0.06	Primario	25	15.256993489959600	2.644776755654150
31	12	1024	10.71848	Sorgo Forrajero (anual)	1	NO	0.58	0	0	0.58	Secundario	15	336.023735183012000	1.842759338648700
