Productor.C.254	POT.N.10.0	ID.N.10.0	Sup_ha.N.21.5	USO.C.254	Tiempo.C.254	FIJO.C.2	coef_oto.C.254	coef_inv.C.254	coef_pri.C.254	coef_ver.C.254	join_Clase.C.254	join_Buffe.N.10.0	distance.N.24.15	pendmean.N.24.15
17	1	442	11.09153	Sorgo Forrajero (anual)	1	NO	0.58	0	0	0.58	Secundario	15	442.166684318434000	1.332949078596030
17	2	443	10.53050	Alfalfa (2° año)	2	NO	0.29	0.29	0.29	0.29	Terciario	10	410.175853634517000	0.508442641785130
17	3	444	4.55333	Moha (anual)	1	NO	0	0	0	1.16	Secundario	15	280.409012996235000	1.535195690508070
17	4	445	6.97855	FE+TB+L (1° año)	1	NO	0.29	0.29	0.29	0.29	Secundario	15	430.357117692537000	0.555940970004379
17	5	446	7.55962	FE+TB+L (1° año)	1	NO	0.29	0.29	0.29	0.29	Secundario	15	330.198448510197000	0.277317214296957
17	6	447	7.23881	FE+TB+L (1° año)	1	NO	0.29	0.29	0.29	0.29	Secundario	15	240.641541933933000	0.624045573652555
17	7	449	7.05168	Maiz (anual)	1	NO	0	0	0	2.23	Secundario	15	167.522607049157000	1.329146724335760
17	8	450	3.27492	Moha (anual)	1	NO	0	0	0	1.16	Terciario	10	252.478664998760000	2.419718739148730
17	9	451	3.88731	Moha (anual)	1	NO	0	0	0	1.16	Secundario	15	128.227630405810000	0.659938808790473
17	10	452	1.98716	Sorgo Forrajero (anual)	1	NO	0.58	0	0	0.58	Secundario	15	95.027629285747200	0.733673212968785
17	11	454	3.07034	Alfalfa (4° año)	4	NO	0.29	0.29	0.29	0.29	Terciario	10	7.500594832523680	1.450257523570740
17	13	457	2.50331	Alfalfa (4° año)	4	NO	0.29	0.29	0.29	0.29	Terciario	10	159.176595840524000	2.190694740840370
17	14	458	0.83095	TR+TB+Raigrás (1° año)	1	NO	0.29	0.29	0.29	0.29	Terciario	10	265.216433867484000	0.553329767452346
17	15	460	8.15160	Sorgo Forrajero (anual)	1	NO	0.58	0	0	0.58	Terciario	10	71.332309280178000	0.540476360875699
17	16	462	34.29361	Sorgo Forrajero (anual)	1	NO	0.58	0	0	0.58	Terciario	10	545.452511361698000	1.203319241988820
17	17	464	4.97060	FE+TB+L (2° año)	2	NO	0.29	0.29	0.29	0.29	Terciario	10	59.354488088203600	1.219317448681050
17	18	466	4.41144	Sorgo Forrajero (anual)	1	NO	0.58	0	0	0.58	Terciario	10	67.331676380220200	1.834300501346590
17	22	472	17.60478	Maiz (anual)	1	NO	0	0	0	2.23	Terciario	10	212.968845882845000	0.881611108193694
17	23	474	9.49278	Maiz (anual)	1	NO	0	0	0	2.23	Secundario	15	576.933282560675000	1.147870825460320
17	24	476	15.15023	FE+TB+L (3° año)	3	NO	0.29	0.29	0.29	0.29	Terciario	10	235.683934812088000	1.230554258114240
17	25	478	15.44187	Sorgo Forrajero (anual)	1	NO	0.58	0	0	0.58	Terciario	10	827.726349296860000	1.152761422790760
17	26	479	7.76493	FE+TB+L (4° año)	4	NO	0.29	0.29	0.29	0.29	Terciario	10	346.332136709006000	0.298734533665485
17	27	481	7.01921	FE+TB+L (4° año)	4	NO	0.29	0.29	0.29	0.29	Terciario	10	95.003466142591600	1.132790801998900
17	28	482	5.22575	FE+TB+L (2° año)	2	NO	0.29	0.29	0.29	0.29	Terciario	10	209.636155052464000	0.769829566802895
17	31	487	2.31747	TR+TB+Raigrás (1° año)	1	NO	0.29	0.29	0.29	0.29	Terciario	10	29.225726440991100	0.935610363526004
17	32	488	2.77694	Alfalfa (4° año)	4	NO	0.29	0.29	0.29	0.29	Terciario	10	179.285378314730000	0.818557847787936
18	2	492	8.17988	FE+TB+L (2° año)	2	NO	0.29	0.29	0.29	0.29	Secundario	15	59.645932525920500	1.424156404310660
18	3	494	9.36279	FE+TB+L (2° año)	2	NO	0.29	0.29	0.29	0.29	Secundario	15	14.391247635159200	1.078563667260680
18	4	495	12.17977	FE+TB+L (1° año)	1	NO	0.29	0.29	0.29	0.29	Secundario	15	475.604885286823000	1.008438201730740
18	5	496	15.10424	FE+TB+L (1° año)	1	NO	0.29	0.29	0.29	0.29	Secundario	15	369.871908763407000	1.664727058555140
18	6	498	37.19795	Maiz (anual)	1	NO	0	0	0	2.23	Secundario	15	197.594143475603000	1.195803306108240
18	7	500	4.53572	Maiz (anual)	1	NO	0	0	0	2.23	Terciario	10	70.543151670786400	1.157281124591830
18	8	502	17.15157	Maiz (anual)	1	NO	0	0	0	2.23	Secundario	15	560.351127447067000	0.906412038517817
18	9	504	29.89632	Maiz (anual)	1	NO	0	0	0	2.23	Secundario	15	253.110169596975000	1.077044677364120
18	10	506	3.37268	Campo Natural	1	NO	0.06	0.06	0.06	0.06	Secundario	15	71.892315805451700	2.304037001572160
18	11	508	24.81271	Maiz (anual)	1	NO	0	0	0	2.23	Secundario	15	270.795874044934000	0.955102915260336
18	12	510	3.84520	Campo Natural	1	NO	0.06	0.06	0.06	0.06	Terciario	10	18.537844822842300	0.457138095237315
18	13	512	27.76654	Maiz (anual)	1	NO	0	0	0	2.23	Secundario	15	290.837963684063000	1.372885500265940
18	15	516	8.17142	Alfalfa (2° año)	2	NO	0.29	0.29	0.29	0.29	Primario	25	3.170021098274600	1.317191836494270
18	16	518	15.60301	Moha (anual)	1	NO	0	0	0	1.16	Secundario	15	360.901049230852000	1.116140634982900
18	17	520	6.01773	Moha (anual)	1	NO	0	0	0	1.16	Secundario	15	715.531947322342000	1.376278875882810
19	2	524	7.96576	Campo Natural	1	NO	0.06	0.06	0.06	0.06	Secundario	15	43.102241440102400	1.363106487468740
19	3	525	8.76118	Sorgo Forrajero (anual)	1	NO	0.58	0	0	0.58	Secundario	15	583.710133275898000	0.934507512620517
19	5	529	7.21230	Campo Natural	1	NO	0.06	0.06	0.06	0.06	Terciario	10	17.413537158751900	1.631528356900580
19	6	530	31.34474	Maiz (anual)	1	NO	0	0	0	2.23	Terciario	10	1419.534846865160000	1.111237361682230
19	7	531	10.16793	FE+TB+L (2° año)	2	NO	0.29	0.29	0.29	0.29	Terciario	10	174.528886188628000	1.847921973207720
19	9	534	9.82546	TR+TB+Raigrás (1° año)	1	NO	0.29	0.29	0.29	0.29	Secundario	15	491.195357284096000	0.329733104292642
19	10	535	6.60611	TR+TB+Raigrás (1° año)	1	NO	0.29	0.29	0.29	0.29	Secundario	15	688.184037716814000	0.463505642718240
19	11	536	8.14254	Moha (anual)	1	NO	0	0	0	1.16	Secundario	15	594.681368808123000	0.478093455505112
19	13	538	15.36961	FE+TB+L (3° año)	3	NO	0.29	0.29	0.29	0.29	Secundario	15	591.604018301000000	1.299766788149580
19	15	540	13.99639	Sorgo Forrajero (anual)	1	NO	0.58	0	0	0.58	Secundario	15	529.842181692630000	1.686717931485780
19	16	541	2.73505	Sorgo Forrajero (anual)	1	NO	0.58	0	0	0.58	Secundario	15	635.705272366578000	0.743298585060984
19	17	542	5.23335	FE+TB+L (3° año)	3	NO	0.29	0.29	0.29	0.29	Secundario	15	285.273053836874000	1.628849237129610
19	18	543	3.37533	Campo Natural	1	NO	0.06	0.06	0.06	0.06	Secundario	15	349.271376575818000	1.111377010219980
19	19	544	7.93617	Moha (anual)	1	NO	0	0	0	1.16	Secundario	15	478.260168036180000	0.381303798664233
19	20	545	5.93187	Moha (anual)	1	NO	0	0	0	1.16	Secundario	15	790.353180871033000	0.374591087148740
19	22	548	11.73032	Sorgo Forrajero (anual)	1	NO	0.58	0	0	0.58	Secundario	15	234.824619036281000	1.811403523192150
19	23	550	39.67479	Maiz (anual)	1	NO	0	0	0	2.23	Secundario	15	525.120575259655000	0.589544401722610
19	24	552	6.83033	Raigrás+TB+L (2° año)	2	NO	0.29	0.29	0.29	0.29	Secundario	15	491.574257969711000	1.516481608926480
19	25	553	11.06088	Raigrás+TB+L (2° año)	2	NO	0.29	0.29	0.29	0.29	Secundario	15	275.708204954790000	1.261153088413120
