Productor.C.254	POT.N.10.0	ID.N.10.0	Sup_ha.N.21.5	USO.C.254	Tiempo.C.254	FIJO.C.2	coef_oto.C.254	coef_inv.C.254	coef_pri.C.254	coef_ver.C.254	join_Clase.C.254	join_Buffe.N.10.0	distance.N.24.15	pendmean.N.24.15
2	1	3	8.78258	Maiz (anual)	1	NO	0	0	0	2.23	Terciario	10	390.932774881432000	0.757625711102461
2	2	5	14.94914	Alfalfa (2° año)	2	NO	0.29	0.29	0.29	0.29	Primario	25	1243.134634499890000	1.019278180188760
2	3	7	3.05692	Alfalfa (3° año)	3	NO	0.29	0.29	0.29	0.29	Primario	25	1614.435931025550000	0.550124809145927
2	4	9	6.25981	FE+TB+L (1° año)	1	NO	0.29	0.29	0.29	0.29	Primario	25	1060.796217672050000	0.421718079542768
2	5	11	10.19906	Maiz (anual)	1	NO	0	0	0	2.23	Primario	25	788.787021068651000	0.527111457644014
2	6	12	13.40197	Sorgo Forrajero (anual)	1	NO	0.58	0	0	0.58	Primario	25	1483.009063831750000	0.920059900755850
2	7	13	10.02201	Sorgo Forrajero (anual)	1	NO	0.58	0	0	0.58	Primario	25	1275.820444628560000	1.641395450327080
2	8	14	6.02542	FE+TB+L (2° año)	2	NO	0.29	0.29	0.29	0.29	Primario	25	1392.023700832370000	2.021725566323960
2	9	16	1.79791	Moha (anual)	1	NO	0	0	0	1.16	Primario	25	1490.520795779410000	1.858401815096540
2	10	18	1.95832	Moha (anual)	1	NO	0	0	0	1.16	Primario	25	1404.566452959370000	1.705996010614480
2	13	24	3.27393	Alfalfa (3° año)	3	NO	0.29	0.29	0.29	0.29	Primario	25	1532.867563598230000	1.207269413690820
3	1	25	14.98555	Sorgo Forrajero (anual)	1	NO	0.58	0	0	0.58	Primario	25	449.987682154109000	0.771585223354758
3	2	27	8.06099	FE+TB+L (3° año)	3	NO	0.29	0.29	0.29	0.29	Primario	25	387.656186928311000	0.799106154252182
3	4	30	10.85845	Sorgo Forrajero (anual)	1	NO	0.58	0	0	0.58	Secundario	15	267.651773705938000	0.741037747512261
3	5	32	12.70558	FE+TB+L (2° año)	2	NO	0.29	0.29	0.29	0.29	Secundario	15	16.792672573262500	1.374011554132250
3	6	33	3.76248	FE+TB+L (1° año)	1	NO	0.29	0.29	0.29	0.29	Secundario	15	259.043785983621000	1.079492445601970
3	7	34	4.28625	Moha (anual)	1	NO	0	0	0	1.16	Terciario	10	203.635793081192000	0.452720605484817
3	8	35	3.40907	Moha (anual)	1	NO	0	0	0	1.16	Secundario	15	124.770408897258000	0.403428975296648
3	10	38	2.75404	Moha (anual)	1	NO	0	0	0	1.16	Primario	25	465.213885548324000	0.913703102489998
3	11	39	1.70623	Campo Natural	1	NO	0.06	0.06	0.06	0.06	Primario	25	591.291990899619000	0.714124557517824
3	12	41	14.97250	Campo Natural	1	NO	0.06	0.06	0.06	0.06	Primario	25	155.989004825793000	0.767008700815147
4	1	43	8.18522	TR+Cebadilla (1° año)	1	NO	0.29	0.29	0.29	0.29	Secundario	15	136.112999817107000	1.369014437640870
4	3	47	13.68645	FE+TB+L (1° año)	1	NO	0.29	0.29	0.29	0.29	Secundario	15	44.724072823682400	1.272571041186650
4	5	51	34.55130	Sorgo Forrajero (anual)	1	NO	0.58	0	0	0.58	Primario	25	960.370412094626000	0.998631717602014
4	6	53	8.31319	TR+Cebadilla (2° año)	2	NO	0.29	0.29	0.29	0.29	Primario	25	555.138270272396000	3.552032611436310
4	7	55	16.34525	Moha (anual)	1	NO	0	0	0	1.16	Primario	25	194.165301397276000	2.686318507499020
4	8	57	10.19312	FE+TB+L (2° año)	2	NO	0.29	0.29	0.29	0.29	Primario	25	244.968122300239000	2.863462821676810
5	1	58	1.92105	Moha (anual)	1	NO	0	0	0	1.16	Terciario	10	224.190610720267000	1.472529102455490
5	2	59	5.56395	Alfalfa (1° año)	1	NO	0.29	0.29	0.29	0.29	Terciario	10	349.395194145093000	0.948454105191761
5	3	61	3.57057	Moha (anual)	1	NO	0	0	0	1.16	Terciario	10	106.299947859822000	2.400407061424280
5	4	62	3.97093	Alfalfa (2° año)	2	NO	0.29	0.29	0.29	0.29	Terciario	10	310.264410663946000	1.000941766159880
5	5	64	4.99990	Campo Natural	1	NO	0.06	0.06	0.06	0.06	Terciario	10	202.142042506682000	1.881801862407610
5	6	66	4.60986	Alfalfa (3° año)	3	NO	0.29	0.29	0.29	0.29	Terciario	10	817.201870981969000	0.863940823311899
5	8	68	9.01975	Sorgo Forrajero (anual)	1	NO	0.58	0	0	0.58	Terciario	10	1113.310014314280000	1.569307632057120
5	9	69	3.21471	Sorgo Forrajero (anual)	1	NO	0.58	0	0	0.58	Terciario	10	815.951988944704000	1.813380684703590
5	10	70	5.48233	Sorgo Forrajero (anual)	1	NO	0.58	0	0	0.58	Terciario	10	929.420727206421000	1.804715101208010
5	11	71	1.39048	Sorgo Forrajero (anual)	1	NO	0.58	0	0	0.58	Terciario	10	729.417235273333000	1.154996986190480
5	12	72	3.85287	Alfalfa (4° año)	4	NO	0.29	0.29	0.29	0.29	Terciario	10	633.451923891095000	1.302140264348550
5	13	73	2.42915	Sorgo Forrajero (anual)	1	NO	0.58	0	0	0.58	Terciario	10	347.055355005489000	0.591301285558277
5	14	74	2.50783	TR+Cebadilla (1° año)	1	NO	0.29	0.29	0.29	0.29	Terciario	10	537.244746853138000	1.162156676804580
5	15	75	2.01838	TR+Cebadilla (2° año)	2	NO	0.29	0.29	0.29	0.29	Terciario	10	580.869569654440000	1.294389846532240
5	16	76	12.47079	TR+TB+Raigrás (1° año)	1	NO	0.29	0.29	0.29	0.29	Terciario	10	386.637994734539000	1.459709362053190
5	17	77	8.71801	FE+TB+L (4° año)	4	NO	0.29	0.29	0.29	0.29	Terciario	10	394.461026722494000	0.395520570393348
5	18	79	4.52358	FE+TB+L (2° año)	2	NO	0.29	0.29	0.29	0.29	Terciario	10	34.434373626359600	1.224465230516360
5	19	80	17.24683	Maiz (anual)	1	NO	0	0	0	2.23	Terciario	10	405.270939066799000	1.133527532582610
5	21	83	9.17283	FE+TB+L (1° año)	1	NO	0.29	0.29	0.29	0.29	Terciario	10	393.624018178746000	0.645201560402033
5	22	85	9.09676	FE+TB+L (2° año)	2	NO	0.29	0.29	0.29	0.29	Terciario	10	56.249281359199000	2.125642770711260
5	23	86	8.10005	FE+TB+L (3° año)	3	NO	0.29	0.29	0.29	0.29	Terciario	10	486.702747470853000	0.728136280615052
5	24	87	6.46045	Maiz (anual)	1	NO	0	0	0	2.23	Terciario	10	357.529091271379000	0.136954678728112
5	26	91	7.44418	Maiz (anual)	1	NO	0	0	0	2.23	Terciario	10	155.369724833917000	1.232401883386700
5	28	94	3.24176	Campo Natural	1	NO	0.06	0.06	0.06	0.06	Terciario	10	732.253689309285000	1.674391772295980
5	31	97	1.66915	Moha (anual)	1	NO	0	0	0	1.16	Terciario	10	177.618187406930000	0.642727239155456
5	29	95	2.60172	FE+TB+L (1° año)	1	NO	0.29	0.29	0.29	0.29	Terciario	10	914.650263707389000	0.304632601362688
5	30	96	0.84562	Moha (anual)	1	NO	0	0	0	1.16	Terciario	10	616.614222887627000	0.719996518558926
6	2	100	6.95681	Raigrás+TB+L (1° año)	1	NO	0.29	0.29	0.29	0.29	Secundario	15	1237.373721792450000	0.464284964147713
6	3	102	15.63586	Campo Natural	1	NO	0.06	0.06	0.06	0.06	Secundario	15	826.114959029616000	1.890761521824620
6	4	104	19.64521	FE+TB+L (1° año)	1	NO	0.29	0.29	0.29	0.29	Terciario	10	83.818587954145500	1.176199158489010
6	5	105	17.40102	FE+TB+L (2° año)	2	NO	0.29	0.29	0.29	0.29	Secundario	15	967.234283892982000	1.392729733425840
6	6	106	20.07946	Maiz (anual)	1	NO	0	0	0	2.23	Primario	25	613.061580354104000	0.758485808901723
6	7	107	20.07391	Maiz (anual)	1	NO	0	0	0	2.23	Primario	25	832.412686686041000	0.648249293255699
6	8	109	13.09707	Alfalfa (1° año)	1	NO	0.29	0.29	0.29	0.29	Primario	25	392.668326591655000	1.486847772366470
6	10	113	14.45619	Alfalfa (2° año)	2	NO	0.29	0.29	0.29	0.29	Primario	25	962.692990461833000	0.685123610258834
6	11	115	1.24398	Raigrás+TB+L (2° año)	2	NO	0.29	0.29	0.29	0.29	Primario	25	106.491972260931000	0.695601207869394
6	13	118	26.52247	Campo Natural	1	NO	0.06	0.06	0.06	0.06	Primario	25	291.378231499277000	0.785747120376388
7	1	122	17.01424	Maiz (anual)	1	NO	0	0	0	2.23	Terciario	10	59.224804177582700	1.349452600523990
7	2	123	8.92191	Sorgo Forrajero (anual)	1	NO	0.58	0	0	0.58	Secundario	15	583.596299742252000	1.154483590543890
7	3	125	8.16391	FE+TB+L (1° año)	1	NO	0.29	0.29	0.29	0.29	Secundario	15	867.182421083759000	0.863224250142989
7	4	126	8.40522	FE+TB+L (1° año)	1	NO	0.29	0.29	0.29	0.29	Secundario	15	747.566947937882000	0.591502672722263
7	5	128	10.10846	FE+TB+L (2° año)	2	NO	0.29	0.29	0.29	0.29	Terciario	10	61.526354206006000	0.944111433176868
7	6	130	3.33207	Raigrás+TB+L (1° año)	1	NO	0.29	0.29	0.29	0.29	Secundario	15	1058.330958643350000	0.960598689478797
7	7	132	11.26412	FE+TB+L (2° año)	2	NO	0.29	0.29	0.29	0.29	Secundario	15	865.037900861255000	0.991533544313695
7	8	134	19.00933	FE+TB+L (3° año)	3	NO	0.29	0.29	0.29	0.29	Terciario	10	2.471983570924280	1.264893286954170
7	9	136	26.94696	Maiz (anual)	1	NO	0	0	0	2.23	Terciario	10	331.144429392881000	0.789455856081335
7	10	137	13.30286	Maiz (anual)	1	NO	0	0	0	2.23	Terciario	10	644.735091310536000	0.673705674890378
7	11	138	12.29879	Achicoria (1° año)	1	NO	0.29	0.29	0.29	0.29	Terciario	10	229.850935785816000	0.896165236558792
7	13	141	10.99776	Achicoria (2° año)	2	NO	0.29	0.29	0.29	0.29	Terciario	10	238.157837654158000	0.538029632763937
7	14	143	2.83907	Campo Natural	1	NO	0.06	0.06	0.06	0.06	Terciario	10	15.053695597917700	1.573721574770440
7	15	145	1.73855	TR+TB+Raigrás (1° año)	1	NO	0.29	0.29	0.29	0.29	Terciario	10	77.022505819590500	0.379501677657429
7	16	147	10.41269	Sorgo Forrajero (anual)	1	NO	0.58	0	0	0.58	Terciario	10	1143.387496822870000	0.702554724808050
7	17	148	4.54226	TR+TB+Raigrás (2°año)	2	NO	0.29	0.29	0.29	0.29	Terciario	10	773.294728649755000	0.456617348036676
8	1	149	13.02759	Alfalfa (2° año)	2	NO	0.29	0.29	0.29	0.29	Secundario	15	370.729742223883000	0.362046216987073
8	2	151	41.76122	FE+TB+L (1° año)	1	NO	0.29	0.29	0.29	0.29	Secundario	15	150.580781662813000	1.285206054789620
8	3	153	22.04661	Sorgo Forrajero (anual)	1	NO	0.58	0	0	0.58	Secundario	15	285.161020469768000	0.663498243216115
8	4	155	34.26290	FE+TB+L (2° año)	2	NO	0.29	0.29	0.29	0.29	Secundario	15	259.658538127467000	1.220364234516940
8	5	157	48.29353	Sorgo Forrajero (anual)	1	NO	0.58	0	0	0.58	Secundario	15	333.647744881492000	1.600468903902530
8	6	158	14.95859	Alfalfa (3° año)	3	NO	0.29	0.29	0.29	0.29	Terciario	10	495.789720751133000	1.003374762317670
9	1	160	13.36894	TR+Cebadilla (1° año)	1	NO	0.29	0.29	0.29	0.29	Terciario	10	820.780308401744000	1.393645772387580
9	2	162	34.88563	Maiz (anual)	1	NO	0	0	0	2.23	Primario	25	838.400241131500000	0.935711600507299
9	3	164	19.04763	FE+TB+L (3° año)	3	NO	0.29	0.29	0.29	0.29	Terciario	10	102.120847840617000	1.423282189128540
9	4	165	4.06745	Achicoria (1° año)	1	NO	0.29	0.29	0.29	0.29	Primario	25	533.945280638434000	0.529838678681038
9	6	168	2.94736	Moha (anual)	1	NO	0	0	0	1.16	Terciario	10	304.140384919892000	0.562927907163447
9	8	171	4.30393	TR+Cebadilla (1° año)	1	NO	0.29	0.29	0.29	0.29	Primario	25	476.912459632296000	0.356964572503859
9	9	173	2.56646	TR+Cebadilla (1° año)	1	NO	0.29	0.29	0.29	0.29	Primario	25	219.249431463325000	1.112124979762090
9	11	176	4.52767	Campo Natural	1	NO	0.06	0.06	0.06	0.06	Primario	25	207.917751432696000	0.751835882663727
9	12	178	13.69274	Maiz (anual)	1	NO	0	0	0	2.23	Primario	25	721.822948839835000	0.673829156634034
9	13	179	6.41097	FE+TB+L (2° año)	2	NO	0.29	0.29	0.29	0.29	Primario	25	557.710031297199000	0.619424940380332
9	14	180	4.66872	FE+TB+L (2° año)	2	NO	0.29	0.29	0.29	0.29	Primario	25	522.629954047412000	0.594291189931474
9	15	181	5.13223	Sorgo Forrajero (anual)	1	NO	0.58	0	0	0.58	Primario	25	282.644352273521000	0.652148055233832
9	16	182	4.70239	FE+TB+L (1° año)	1	NO	0.29	0.29	0.29	0.29	Primario	25	427.274790520627000	0.517964645343668
9	17	183	4.37315	FE+TB+L (1° año)	1	NO	0.29	0.29	0.29	0.29	Primario	25	480.149841973898000	0.486745161505846
9	18	185	12.91792	Raigrás+TB+L (1° año)	1	NO	0.29	0.29	0.29	0.29	Terciario	10	34.561033276839600	2.014866175664050
9	19	186	5.37755	Alfalfa (1° año)	1	NO	0.29	0.29	0.29	0.29	Terciario	10	1031.548001039530000	1.715611398400320
9	20	187	2.37253	Maiz (anual)	1	NO	0	0	0	2.23	Primario	25	1223.967953771630000	2.212710374822980
9	21	189	5.92197	Alfalfa (1° año)	1	NO	0.29	0.29	0.29	0.29	Terciario	10	894.536254081664000	1.782435139611600
9	22	190	2.98367	Alfalfa (3° año)	3	NO	0.29	0.29	0.29	0.29	Terciario	10	766.436871566766000	1.169243744828480
9	23	192	3.61691	Alfalfa (3° año)	3	NO	0.29	0.29	0.29	0.29	Primario	25	1259.469970071920000	2.824354673043270
9	26	197	8.41451	Alfalfa (2° año)	2	NO	0.29	0.29	0.29	0.29	Primario	25	1132.453287502160000	0.644879046748293
9	27	198	4.33010	Maiz (anual)	1	NO	0	0	0	2.23	Primario	25	1364.540641962700000	1.707880786309640
10	2	201	17.14385	TR+Cebadilla (1° año)	1	NO	0.29	0.29	0.29	0.29	Primario	25	652.457466991892000	0.897044468011397
10	4	204	21.25634	Sorgo Forrajero (anual)	1	NO	0.58	0	0	0.58	Primario	25	289.850475894092000	0.785288863934768
10	6	207	12.44918	Campo Natural	1	NO	0.06	0.06	0.06	0.06	Primario	25	296.586144402047000	0.867119308252832
10	7	208	9.43650	TR+Cebadilla (2° año)	2	NO	0.29	0.29	0.29	0.29	Primario	25	945.729363415729000	1.285815639455210
10	8	209	12.67022	Achicoria (2° año)	2	NO	0.29	0.29	0.29	0.29	Primario	25	843.464258520461000	1.623587919002840
10	9	210	15.71370	Sorgo Forrajero (anual)	1	NO	0.58	0	0	0.58	Primario	25	1354.193317861180000	1.475335868813940
10	10	211	3.92486	Alfalfa (2° año)	2	NO	0.29	0.29	0.29	0.29	Primario	25	271.197538647090000	0.814017848111689
10	12	214	4.70201	FE+TB+L (4° año)	4	NO	0.29	0.29	0.29	0.29	Primario	25	486.405402468398000	1.300043490855900
10	13	215	4.06674	Alfalfa (1° año)	1	NO	0.29	0.29	0.29	0.29	Primario	25	675.551578058590000	0.409648313728529
10	15	218	4.44920	FE+TB+L (2° año)	2	NO	0.29	0.29	0.29	0.29	Primario	25	554.057367663613000	0.121832380233252
10	16	220	4.55278	Alfalfa (1° año)	1	NO	0.29	0.29	0.29	0.29	Primario	25	475.399604802535000	1.876594394445420
10	17	222	9.31049	Campo Natural	1	NO	0.06	0.06	0.06	0.06	Primario	25	189.906398268479000	1.481319572957390
10	18	224	20.92606	FE+TB+L (3° año)	3	NO	0.29	0.29	0.29	0.29	Primario	25	220.297707665084000	0.813994942045518
10	19	225	13.44206	Campo Natural	1	NO	0.06	0.06	0.06	0.06	Primario	25	470.568407987313000	0.786562275566511
10	21	228	3.51086	Alfalfa (4° año)	4	NO	0.29	0.29	0.29	0.29	Primario	25	118.756263680585000	1.217689921727050
10	22	229	6.19650	Alfalfa (2° año)	2	NO	0.29	0.29	0.29	0.29	Primario	25	498.784286107617000	0.372441773720754
10	23	230	2.46890	Moha (anual)	1	NO	0	0	0	1.16	Primario	25	743.000214928148000	0.235106410533190
11	1	232	0.93697	Campo Natural	1	NO	0.06	0.06	0.06	0.06	Primario	25	30.077685465254400	1.065608849892250
11	2	233	9.59520	Raigrás+TB+L (1° año)	1	NO	0.29	0.29	0.29	0.29	Primario	25	447.482837871417000	0.643730470548990
11	3	235	5.76048	TR+Cebadilla (1° año)	1	NO	0.29	0.29	0.29	0.29	Primario	25	26.123745067400700	1.460412130191710
11	4	236	10.20949	Sorgo Forrajero (anual)	1	NO	0.58	0	0	0.58	Primario	25	293.662755195805000	1.448488993262470
11	5	237	10.86592	TR+Cebadilla (1° año)	1	NO	0.29	0.29	0.29	0.29	Primario	25	380.519616436809000	1.527719761626640
11	6	238	11.25697	Sorgo Forrajero (anual)	1	NO	0.58	0	0	0.58	Primario	25	289.134091091478000	2.279943536221980
11	7	240	9.14329	TR+Cebadilla (2° año)	2	NO	0.29	0.29	0.29	0.29	Primario	25	260.492995345951000	2.461198920240770
11	8	242	8.90067	Sorgo Forrajero (anual)	1	NO	0.58	0	0	0.58	Secundario	15	69.743495651670100	1.978359740385980
11	9	243	7.65782	TR+Cebadilla (2° año)	2	NO	0.29	0.29	0.29	0.29	Secundario	15	251.996709458429000	1.741919854848550
11	10	245	5.25927	TR+TB+Raigrás (1° año)	1	NO	0.29	0.29	0.29	0.29	Primario	25	179.884853342125000	2.803177982045890
11	11	247	14.99651	FE+TB+L (1° año)	1	NO	0.29	0.29	0.29	0.29	Primario	25	80.938884924083400	2.140659655946670
11	12	248	12.71456	Alfalfa (2° año)	2	NO	0.29	0.29	0.29	0.29	Primario	25	485.400111537093000	1.801278433659010
11	13	249	5.60608	Alfalfa (1° año)	1	NO	0.29	0.29	0.29	0.29	Primario	25	460.673183946098000	0.850881699592836
11	14	251	20.35794	FE+TB+L (2° año)	2	NO	0.29	0.29	0.29	0.29	Primario	25	95.115983806810200	1.639229407392640
11	15	252	10.21458	FE+TB+L (3° año)	3	NO	0.29	0.29	0.29	0.29	Primario	25	218.679926236963000	1.067892181949740
11	16	253	10.37944	FE+TB+L (2° año)	2	NO	0.29	0.29	0.29	0.29	Primario	25	255.624685566782000	2.015116809168830
11	18	256	9.97760	FE+TB+L (2° año)	2	NO	0.29	0.29	0.29	0.29	Primario	25	393.229246647026000	0.636439610373330
11	20	259	4.14971	TR+TB+Raigrás (1° año)	1	NO	0.29	0.29	0.29	0.29	Primario	25	244.742435298791000	1.162990285002670
11	21	260	8.57660	Sorgo Forrajero (anual)	1	NO	0.58	0	0	0.58	Primario	25	384.076072077004000	0.960555197024832
11	23	262	8.15957	Sorgo Forrajero (anual)	1	NO	0.58	0	0	0.58	Secundario	15	149.727910957094000	1.240468071685990
12	1	264	44.54575	Maiz (anual)	1	NO	0	0	0	2.23	Terciario	10	65.349023857669700	1.462085986974620
12	3	268	9.58216	FE+TB+L (2° año)	2	NO	0.29	0.29	0.29	0.29	Cuaternario	10	185.633930474882000	0.673504837460954
12	4	270	4.60011	Campo Natural	1	NO	0.06	0.06	0.06	0.06	Primario	25	4.928193200819240	1.713879444769450
12	5	272	10.82074	FE+TB+L (2° año)	2	NO	0.29	0.29	0.29	0.29	Cuaternario	10	185.792129073293000	0.901484472056230
12	6	274	6.83699	Sorgo Forrajero (anual)	1	NO	0.58	0	0	0.58	Secundario	15	44.938630060320600	1.896182747681940
12	7	275	8.20418	FE+TB+L (1° año)	1	NO	0.29	0.29	0.29	0.29	Secundario	15	300.584508947509000	0.865130971671770
12	8	276	6.46986	Sorgo Forrajero (anual)	1	NO	0.58	0	0	0.58	Primario	25	155.412725695023000	3.014535115638250
12	9	278	4.47795	FE+TB+L (1° año)	1	NO	0.29	0.29	0.29	0.29	Secundario	15	112.916471394065000	0.694109718144244
12	10	280	6.27222	FE+TB+L (1° año)	1	NO	0.29	0.29	0.29	0.29	Secundario	15	188.236596146016000	1.263325903617160
12	11	282	12.45877	FE+TB+L (1° año)	1	NO	0.29	0.29	0.29	0.29	Secundario	15	39.224700329364300	1.142865791588150
12	12	283	7.77132	Alfalfa (1° año)	1	NO	0.29	0.29	0.29	0.29	Cuaternario	10	254.291737842846000	1.692182975253840
12	13	285	10.45319	Sorgo Forrajero (anual)	1	NO	0.58	0	0	0.58	Cuaternario	10	10.426677882591200	1.568721167775600
12	14	287	7.06788	Alfalfa (1° año)	1	NO	0.29	0.29	0.29	0.29	Cuaternario	10	88.082313987824000	1.324666912292510
12	16	290	16.23267	Alfalfa (2° año)	2	NO	0.29	0.29	0.29	0.29	Terciario	10	227.565771421234000	1.669664163225230
12	17	292	7.13100	FE+TB+L (3° año)	3	NO	0.29	0.29	0.29	0.29	Terciario	10	98.163049462334500	1.726129891723390
12	18	293	12.95644	Sorgo Forrajero (anual)	1	NO	0.58	0	0	0.58	Terciario	10	331.715279962237000	1.386259454322030
12	19	294	9.88776	FE+TB+L (3° año)	3	NO	0.29	0.29	0.29	0.29	Cuaternario	10	430.826539429776000	0.602055662658743
12	20	296	4.34442	Achicoria (1° año)	1	NO	0.29	0.29	0.29	0.29	Terciario	10	226.654329096149000	2.296850916147230
12	21	298	6.31391	Sorgo Forrajero (anual)	1	NO	0.58	0	0	0.58	Terciario	10	245.285719515908000	1.350222506983710

