Productor.C.254	POT.N.10.0	ID.N.10.0	Sup_ha.N.21.5	USO.C.254	Tiempo.C.254	FIJO.C.2	coef_oto.C.254	coef_inv.C.254	coef_pri.C.254	coef_ver.C.254	join_Clase.C.254	join_Buffe.N.10.0	distance.N.24.15	pendmean.N.24.15
41	1	1511	33.15065	Maiz (anual)	1	NO	0	0	0	2.23	Terciario	10	4.448862338113900	1.302960698775820
41	2	1513	8.01164	Campo Natural	1	NO	0.06	0.06	0.06	0.06	Terciario	10	60.464138957641200	1.565857725484030
41	4	1516	17.50901	Campo Natural	1	NO	0.06	0.06	0.06	0.06	Secundario	15	135.999094530732000	1.101692818846380
41	5	1518	59.35405	Maiz (anual)	1	NO	0	0	0	2.23	Primario	25	559.140953744881000	0.940163607838930
41	6	1520	16.67179	Sorgo Forrajero (anual)	1	NO	0.58	0	0	0.58	Terciario	10	247.575060653295000	1.384138975087760
41	7	1522	9.23625	Sorgo Forrajero (anual)	1	NO	0.58	0	0	0.58	Terciario	10	117.787129362910000	1.713202957764710
41	8	1523	18.98898	Maiz (anual)	1	NO	0	0	0	2.23	Terciario	10	546.539615549225000	0.902728287670850
41	9	1524	18.08144	Maiz (anual)	1	NO	0	0	0	2.23	Terciario	10	794.668204285154000	0.790683246459629
41	10	1526	23.51775	Maiz (anual)	1	NO	0	0	0	2.23	Terciario	10	658.658402646378000	0.434937059097276
41	11	1528	48.98287	Maiz (anual)	1	NO	0	0	0	2.23	Secundario	15	400.493787119013000	0.764859607354190
41	12	1530	18.84552	Maiz (anual)	1	NO	0	0	0	2.23	Terciario	10	1.632470604094750	1.070800330471880
41	14	1533	17.82105	Maiz (anual)	1	NO	0	0	0	2.23	Terciario	10	317.123992014806000	1.580524110627660
41	15	1535	2.16652	FE+TB+L (2° año)	2	NO	0.29	0.29	0.29	0.29	Terciario	10	48.063939971988900	2.471734109132190
40	1	1451	19.05370	Sorgo Forrajero (anual)	1	NO	0.58	0	0	0.58	Primario	25	13.432991776577400	1.221807837759680
40	2	1453	44.30569	Maiz (anual)	1	NO	0	0	0	2.23	Secundario	15	436.159566851932000	1.295673063694980
40	3	1455	85.09962	Maiz (anual)	1	NO	0	0	0	2.23	Secundario	15	31.661556464766700	1.723263563545130
40	4	1457	13.87164	FE+TB+L (2° año)	2	NO	0.29	0.29	0.29	0.29	Primario	25	179.556668767267000	3.055598366473400
40	6	1461	32.62869	Sorgo Forrajero (anual)	1	NO	0.58	0	0	0.58	Primario	25	543.878776573129000	1.453977531667870
40	7	1463	59.94971	TR+Cebadilla (2° año)	2	NO	0.29	0.29	0.29	0.29	Primario	25	126.358281742499000	1.497274484660630
40	10	1469	24.09835	Sorgo Forrajero (anual)	1	NO	0.58	0	0	0.58	Primario	25	339.778320920301000	1.605145300990680
40	11	1471	19.11955	Sorgo Forrajero (anual)	1	NO	0.58	0	0	0.58	Primario	25	371.939712242837000	1.526159216893960
40	12	1473	11.08539	Sorgo Forrajero (anual)	1	NO	0.58	0	0	0.58	Primario	25	452.853891527587000	1.810820266604420
40	13	1475	10.58752	Alfalfa (4° año)	4	NO	0.29	0.29	0.29	0.29	Primario	25	181.646774375306000	0.933820758564550
40	14	1477	3.86093	Achicoria (2° año)	2	NO	0.29	0.29	0.29	0.29	Primario	25	750.917417049068000	1.389184093901090
40	15	1479	20.09824	Alfalfa (4° año)	4	NO	0.29	0.29	0.29	0.29	Primario	25	397.701743495373000	1.172098621589950
40	16	1481	16.54556	Raigrás+TB+L (2° año)	2	NO	0.29	0.29	0.29	0.29	Primario	25	1348.224250802100000	1.132551429550290
40	17	1483	13.23501	Raigrás+TB+L (2° año)	2	NO	0.29	0.29	0.29	0.29	Primario	25	433.202931402955000	1.571325716940130
40	18	1484	23.69428	Moha (anual)	1	NO	0	0	0	1.16	Primario	25	1163.193824213310000	0.900885953051302
40	19	1486	14.97624	Alfalfa (2° año)	2	NO	0.29	0.29	0.29	0.29	Primario	25	930.594577380171000	0.784036833826587
40	21	1489	17.65784	FE+TB+L (4° año)	4	NO	0.29	0.29	0.29	0.29	Primario	25	946.428226319617000	1.568402584389940
40	24	1493	29.18222	FE+TB+L (2° año)	2	NO	0.29	0.29	0.29	0.29	Secundario	15	309.450773823601000	1.803815459723660
40	25	1495	33.83092	FE+TB+L (3° año)	3	NO	0.29	0.29	0.29	0.29	Secundario	15	13.170954921766000	2.180637818671040
40	27	1499	11.82526	Campo Natural	1	NO	0.06	0.06	0.06	0.06	Primario	25	1191.521542335600000	1.898487752112820
40	28	1501	6.69380	FE+TB+L (4° año)	4	NO	0.29	0.29	0.29	0.29	Primario	25	27.509040341817600	0.845256587098304
40	30	1505	15.18999	FE+TB+L (4° año)	4	NO	0.29	0.29	0.29	0.29	Primario	25	1166.756606366200000	1.963547494414070
40	31	1509	20.59739	FE+TB+L (4° año)	4	NO	0.29	0.29	0.29	0.29	Primario	25	1301.398779880060000	0.791147263728873
40	30	1507	0.45339	FE+TB+L (4° año)	4	NO	0.29	0.29	0.29	0.29	Terciario	10	23.213837305917900	2.053116043408710
