Productor.C.254	POT.N.10.0	ID.N.10.0	Sup_ha.N.21.5	USO.C.254	Tiempo.C.254	FIJO.C.2	coef_oto.C.254	coef_inv.C.254	coef_pri.C.254	coef_ver.C.254	join_Clase.C.254	join_Buffe.N.10.0	distance.N.24.15	pendmean.N.24.15
26	1	796	7.93091	FE+TB+L (2° año)	2	NO	0.29	0.29	0.29	0.29	Primario	25	291.773976357692000	0.818964258003771
26	2	797	7.82121	Sorgo Forrajero (anual)	1	NO	0.58	0	0	0.58	Primario	25	1036.939882935080000	1.702794837886870
26	3	798	6.53829	FE+TB+L (2° año)	2	NO	0.29	0.29	0.29	0.29	Primario	25	438.553854411391000	0.604513455803196
26	4	799	6.30649	FE+TB+L (4° año)	4	NO	0.29	0.29	0.29	0.29	Primario	25	573.894448543232000	1.937490481138230
26	5	800	7.10717	FE+TB+L (4° año)	4	NO	0.29	0.29	0.29	0.29	Primario	25	730.378636389365000	1.521751110752420
26	6	801	14.35132	Maiz (anual)	1	NO	0	0	0	2.23	Secundario	15	780.741007853325000	1.945497633713600
26	7	802	5.13637	FE+TB+L (3° año)	3	NO	0.29	0.29	0.29	0.29	Secundario	15	1109.314778874210000	0.771353990867220
26	8	803	14.67260	Raigrás+TB+L (1° año)	1	NO	0.29	0.29	0.29	0.29	Primario	25	772.892219253806000	1.676082119194400
26	9	804	7.93820	Sorgo Forrajero (anual)	1	NO	0.58	0	0	0.58	Primario	25	1235.064799787220000	1.149215806736040
26	10	805	8.50003	Campo Natural	1	NO	0.06	0.06	0.06	0.06	Secundario	15	626.004354632002000	1.789683141384500
26	11	806	8.26979	Achicoria (1° año)	1	NO	0.29	0.29	0.29	0.29	Secundario	15	660.898404559560000	0.707976596681087
26	12	807	4.42013	Sorgo Forrajero (anual)	1	NO	0.58	0	0	0.58	Primario	25	957.556783391534000	0.648084448083587
26	13	808	3.09777	Moha (anual)	1	NO	0	0	0	1.16	Secundario	15	401.888212342274000	2.149039717281570
26	14	809	14.69815	Alfalfa (3° año)	3	NO	0.29	0.29	0.29	0.29	Secundario	15	158.572740176031000	1.642104318572410
26	18	813	9.87628	Sorgo Forrajero (anual)	1	NO	0.58	0	0	0.58	Secundario	15	422.039751180569000	0.904977704514749
26	19	815	6.49879	TR+TB+Raigrás (2°año)	2	NO	0.29	0.29	0.29	0.29	Primario	25	142.261314077671000	0.926953132876328
26	22	820	21.14833	Sorgo Forrajero (anual)	1	NO	0.58	0	0	0.58	Primario	25	290.935883771755000	1.240155525981070
26	23	821	21.20456	Raigrás+TB+L (2° año)	2	NO	0.29	0.29	0.29	0.29	Primario	25	790.525059403396000	1.112025320314870
26	25	824	3.98171	Campo Natural	1	NO	0.06	0.06	0.06	0.06	Primario	25	207.049300704677000	0.647981616922400
26	26	825	4.17156	TR+TB+Raigrás (2°año)	2	NO	0.29	0.29	0.29	0.29	Primario	25	260.244420707628000	0.792865738920543
26	27	826	8.97378	Sorgo Forrajero (anual)	1	NO	0.58	0	0	0.58	Primario	25	487.981569396667000	2.342949552516830
26	31	833	17.08515	Raigrás+TB+L (3° año)	3	NO	0.29	0.29	0.29	0.29	Primario	25	225.054629624813000	1.194060319879400
25	1	733	5.27016	Maiz (anual)	1	NO	0	0	0	2.23	Terciario	10	501.937216004217000	1.056357325955490
25	2	735	11.75820	FE+TB+L (1° año)	1	NO	0.29	0.29	0.29	0.29	Terciario	10	51.137720992096100	0.998605813224320
25	3	737	3.08370	Moha (anual)	1	NO	0	0	0	1.16	Terciario	10	71.642652264934200	0.622220578293006
25	4	739	6.57878	Alfalfa (1° año)	1	NO	0.29	0.29	0.29	0.29	Terciario	10	165.742960344132000	1.432989013572670
25	6	742	15.88439	FE+TB+L (4° año)	4	NO	0.29	0.29	0.29	0.29	Terciario	10	1192.190987898780000	1.301300400349480
25	7	744	10.60702	Sorgo Forrajero (anual)	1	NO	0.58	0	0	0.58	Terciario	10	925.588946219595000	1.656487319780430
25	8	746	3.70767	Sorgo Forrajero (anual)	1	NO	0.58	0	0	0.58	Terciario	10	730.433441050868000	0.487325608094291
25	9	748	5.81680	Raigrás+TB+L (3° año)	3	NO	0.29	0.29	0.29	0.29	Terciario	10	180.351851610298000	1.823888921025970
25	10	750	3.63768	Sorgo Forrajero (anual)	1	NO	0.58	0	0	0.58	Terciario	10	54.786374458923600	0.910684015299823
25	11	751	4.43802	Raigrás+TB+L (3° año)	3	NO	0.29	0.29	0.29	0.29	Terciario	10	193.927248331995000	0.567358743972503
25	12	753	2.28146	Raigrás+TB+L (2° año)	2	NO	0.29	0.29	0.29	0.29	Terciario	10	275.389227611614000	0.114649274647236
25	13	755	6.60815	FE+TB+L (1° año)	1	NO	0.29	0.29	0.29	0.29	Terciario	10	406.492022680094000	0.386331187730486
25	14	757	2.28023	FE+TB+L (1° año)	1	NO	0.29	0.29	0.29	0.29	Terciario	10	351.437931800978000	1.947048101042000
25	15	759	3.17231	FE+TB+L (1° año)	1	NO	0.29	0.29	0.29	0.29	Terciario	10	482.028325433869000	1.767601480989750
25	16	761	2.05918	Raigrás+TB+L (2° año)	2	NO	0.29	0.29	0.29	0.29	Terciario	10	240.060129652989000	0.052643385094901
25	17	762	2.50044	Raigrás+TB+L (2° año)	2	NO	0.29	0.29	0.29	0.29	Secundario	15	373.110103150449000	0.124534762154023
25	18	764	2.18700	Raigrás+TB+L (2° año)	2	NO	0.29	0.29	0.29	0.29	Terciario	10	187.374973355046000	0.156051973103667
25	19	766	24.57920	Raigrás+TB+L (1° año)	1	NO	0.29	0.29	0.29	0.29	Terciario	10	73.176637680757000	0.699384846854681
25	20	768	9.18871	TR+TB+Raigrás (1° año)	1	NO	0.29	0.29	0.29	0.29	Terciario	10	545.517448816258000	1.147277730821380
25	21	769	1.35339	Raigrás+TB+L (2° año)	2	NO	0.29	0.29	0.29	0.29	Terciario	10	197.764766377613000	0.485580931816782
25	22	771	8.67943	Sorgo Forrajero (anual)	1	NO	0.58	0	0	0.58	Secundario	15	229.315636045519000	1.459056997878680
25	23	772	13.09019	FE+TB+L (3° año)	3	NO	0.29	0.29	0.29	0.29	Secundario	15	262.842942950035000	1.259769815122330
25	25	776	7.46239	Campo Natural	1	NO	0.06	0.06	0.06	0.06	Secundario	15	127.897284626434000	2.322784604934550
25	26	778	4.59142	Raigrás+TB+L (2° año)	2	NO	0.29	0.29	0.29	0.29	Secundario	15	222.628623156281000	0.478576837564414
25	27	779	5.70257	Raigrás+TB+L (2° año)	2	NO	0.29	0.29	0.29	0.29	Terciario	10	262.804276362023000	0.223752101621358
25	28	780	4.47117	Raigrás+TB+L (2° año)	2	NO	0.29	0.29	0.29	0.29	Terciario	10	230.394782953423000	0.260360442101955
25	29	782	7.16956	Alfalfa (4° año)	4	NO	0.29	0.29	0.29	0.29	Terciario	10	268.400919208389000	0.436873738254820
25	30	783	0.85744	Achicoria (1° año)	1	NO	0.29	0.29	0.29	0.29	Terciario	10	338.929464382196000	0.500679260492325
25	31	784	2.83167	Alfalfa (4° año)	4	NO	0.29	0.29	0.29	0.29	Terciario	10	371.390799157387000	0.338671034484199
25	32	786	4.18170	Alfalfa (4° año)	4	NO	0.29	0.29	0.29	0.29	Terciario	10	397.801384821041000	0.495154789932396
25	33	788	10.15553	Alfalfa (2° año)	2	NO	0.29	0.29	0.29	0.29	Terciario	10	760.047216015820000	0.724109600622406
25	34	789	5.88365	FE+TB+L (1° año)	1	NO	0.29	0.29	0.29	0.29	Terciario	10	1015.160173947900000	0.713011438055680
25	36	793	13.84170	Sorgo Forrajero (anual)	1	NO	0.58	0	0	0.58	Terciario	10	701.335564548560000	1.142477452204380
25	37	795	22.52241	TR+Cebadilla (1° año)	1	NO	0.29	0.29	0.29	0.29	Terciario	10	230.727045782993000	1.398443838977910
24	1	683	18.42314	Maiz (anual)	1	NO	0	0	0	2.23	Cuaternario	10	316.786657316445000	1.626885670125490
24	2	685	20.74995	Maiz (anual)	1	NO	0	0	0	2.23	Cuaternario	10	47.852731548586200	1.354611279735720
24	3	687	1.42119	TR+TB+Raigrás (1° año)	1	NO	0.29	0.29	0.29	0.29	Cuaternario	10	40.619865599663200	1.929447969421740
24	4	689	14.09247	Campo Natural	1	NO	0.06	0.06	0.06	0.06	Terciario	10	76.914194517702700	1.377629358934450
24	5	691	9.10896	FE+TB+L (1° año)	1	NO	0.29	0.29	0.29	0.29	Cuaternario	10	374.133427782371000	1.766420086370960
24	6	693	2.00269	Campo Natural	1	NO	0.06	0.06	0.06	0.06	Terciario	10	107.463111068236000	1.368892483089280
24	7	695	2.71775	Moha (anual)	1	NO	0	0	0	1.16	Terciario	10	170.746785151055000	0.376992304942438
24	8	697	3.38548	Moha (anual)	1	NO	0	0	0	1.16	Terciario	10	119.697457638783000	0.936163591319009
24	9	698	2.68054	FE+TB+L (3° año)	3	NO	0.29	0.29	0.29	0.29	Terciario	10	297.552631299895000	1.475397408008580
24	10	699	2.36982	FE+TB+L (3° año)	3	NO	0.29	0.29	0.29	0.29	Terciario	10	187.859218178343000	0.686038373797028
24	11	701	12.53409	Achicoria (1° año)	1	NO	0.29	0.29	0.29	0.29	Terciario	10	802.333175406060000	1.045822511773020
24	12	703	15.92622	Alfalfa (2° año)	2	NO	0.29	0.29	0.29	0.29	Cuaternario	10	69.507268258287100	0.334248957774751
24	13	704	8.03321	Sorgo Forrajero (anual)	1	NO	0.58	0	0	0.58	Terciario	10	390.408143552922000	1.400597640706430
24	14	705	8.68632	Moha (anual)	1	NO	0	0	0	1.16	Terciario	10	694.161477294894000	0.669823651211826
24	15	706	8.76106	Achicoria (2° año)	2	NO	0.29	0.29	0.29	0.29	Terciario	10	602.514634598523000	0.404094715170639
24	16	707	9.37773	Achicoria (2° año)	2	NO	0.29	0.29	0.29	0.29	Terciario	10	451.508572979049000	0.351597569173291
24	17	709	6.30684	FE+TB+L (1° año)	1	NO	0.29	0.29	0.29	0.29	Cuaternario	10	21.077580401063200	0.703667562176932
24	18	710	4.70109	Moha (anual)	1	NO	0	0	0	1.16	Terciario	10	525.447513097909000	0.893501366525888
24	19	712	10.72397	Sorgo Forrajero (anual)	1	NO	0.58	0	0	0.58	Terciario	10	276.188529010917000	1.072149018154430
24	20	713	13.31914	Sorgo Forrajero (anual)	1	NO	0.58	0	0	0.58	Terciario	10	160.736096084936000	0.512834043510808
24	21	715	13.85375	Sorgo Forrajero (anual)	1	NO	0.58	0	0	0.58	Terciario	10	89.079668579625000	1.530176270928160
24	22	716	3.99257	Moha (anual)	1	NO	0	0	0	1.16	Terciario	10	757.686950996942000	0.519056591332297
24	23	718	21.69493	Maiz (anual)	1	NO	0	0	0	2.23	Terciario	10	274.218332007901000	0.770921227615327
24	25	721	1.89981	TR+TB+Raigrás (1° año)	1	NO	0.29	0.29	0.29	0.29	Cuaternario	10	108.374773077332000	2.806739859960300
24	26	722	2.11492	Moha (anual)	1	NO	0	0	0	1.16	Terciario	10	514.909108663558000	1.214980007513710
24	27	724	4.01548	Raigrás+TB+L (1° año)	1	NO	0.29	0.29	0.29	0.29	Cuaternario	10	107.079553244455000	0.724637113850225
24	28	726	13.79938	TR+Cebadilla (1° año)	1	NO	0.29	0.29	0.29	0.29	Secundario	15	1633.742340764990000	0.505281590300237
24	30	730	5.89861	Lotus Puro (3° año)	3	NO	0.29	0.29	0.29	0.29	Terciario	10	382.779726207094000	0.502102246651283
24	31	732	3.20219	TR+TB+Raigrás (1° año)	1	NO	0.29	0.29	0.29	0.29	Terciario	10	650.931885079367000	2.631087481975550
