Productor.C.254	POT.N.10.0	ID.N.10.0	Sup_ha.N.21.5	USO.C.254	Tiempo.C.254	FIJO.C.2	coef_oto.C.254	coef_inv.C.254	coef_pri.C.254	coef_ver.C.254	join_Clase.C.254	join_Buffe.N.10.0	distance.N.24.15	pendmean.N.24.15
14	1	340	8.74304	Alfalfa (1° año)	1	NO	0.29	0.29	0.29	0.29	Secundario	15	229.353123620143000	0.541150444676888
14	2	342	14.85947	Sorgo Forrajero (anual)	1	NO	0.58	0	0	0.58	Secundario	15	168.121221874584000	0.934225941996700
14	4	345	6.56339	Campo Natural	1	NO	0.06	0.06	0.06	0.06	Secundario	15	45.783906777803300	1.278225558499500
14	5	346	8.26460	Sorgo Forrajero (anual)	1	NO	0.58	0	0	0.58	Secundario	15	121.961928158702000	1.946778238518160
14	6	348	4.18311	Raigrás+TB+L (2° año)	2	NO	0.29	0.29	0.29	0.29	Secundario	15	8.432482128663820	1.634499430325300
14	7	350	18.60155	Alfalfa (3° año)	3	NO	0.29	0.29	0.29	0.29	Terciario	10	47.576007538868500	0.724234901006939
14	8	352	7.65088	Alfalfa (1° año)	1	NO	0.29	0.29	0.29	0.29	Secundario	15	106.640269575049000	0.972550317645073
14	9	354	4.04886	Alfalfa (1° año)	1	NO	0.29	0.29	0.29	0.29	Terciario	10	17.723725845835900	1.435277092787960
14	10	356	4.73746	Sorgo Forrajero (anual)	1	NO	0.58	0	0	0.58	Terciario	10	49.212800230544100	0.685448741821467
14	12	359	3.64181	Maiz (anual)	1	NO	0	0	0	2.23	Secundario	15	40.794796377865000	1.468914514309480
14	13	361	5.80187	Maiz (anual)	1	NO	0	0	0	2.23	Secundario	15	163.399652165328000	1.504207913171160
14	14	363	10.96105	Sorgo Forrajero (anual)	1	NO	0.58	0	0	0.58	Secundario	15	329.993052040918000	1.596744471043350
14	15	365	10.92205	Maiz (anual)	1	NO	0	0	0	2.23	Terciario	10	211.484497597083000	0.419689795903621
14	16	366	17.50248	Sorgo Forrajero (anual)	1	NO	0.58	0	0	0.58	Terciario	10	220.787040307590000	0.691065054186262
14	17	367	14.98616	FE+TB+L (2° año)	2	NO	0.29	0.29	0.29	0.29	Terciario	10	314.186743765080000	0.607480693939169
14	18	369	6.20355	TR+Cebadilla (1° año)	1	NO	0.29	0.29	0.29	0.29	Terciario	10	8.228639690839880	0.170185706362236
14	19	371	9.38560	TR+Cebadilla (1° año)	1	NO	0.29	0.29	0.29	0.29	Terciario	10	223.210018822595000	1.758162261088300
14	20	373	8.12116	Raigrás+TB+L (2° año)	2	NO	0.29	0.29	0.29	0.29	Secundario	15	45.233892188170900	1.154776744006840
14	21	374	17.85789	Maiz (anual)	1	NO	0	0	0	2.23	Terciario	10	388.616160253791000	1.280409827121560
14	23	377	16.87327	FE+TB+L (2° año)	2	NO	0.29	0.29	0.29	0.29	Secundario	15	204.122994516306000	0.767937030409175
13	1	300	9.58248	FE+TB+L (4° año)	4	NO	0.29	0.29	0.29	0.29	Primario	25	144.224901467598000	1.117819235875060
13	2	301	12.20758	Sorgo Forrajero (anual)	1	NO	0.58	0	0	0.58	Secundario	15	434.720549281114000	0.758819769739228
13	4	305	12.44663	FE+TB+L (4° año)	4	NO	0.29	0.29	0.29	0.29	Primario	25	464.567354753610000	0.361123488522432
13	5	307	20.57872	Sorgo Forrajero (anual)	1	NO	0.58	0	0	0.58	Primario	25	395.024924114724000	0.623091117184805
13	6	309	9.47219	TR+Cebadilla (2° año)	2	NO	0.29	0.29	0.29	0.29	Primario	25	758.201993328540000	1.145078912520640
13	7	311	11.67047	Sorgo Forrajero (anual)	1	NO	0.58	0	0	0.58	Secundario	15	265.199945333808000	1.499706954467950
13	8	313	15.67973	FE+TB+L (2° año)	2	NO	0.29	0.29	0.29	0.29	Secundario	15	114.168847836382000	1.512426532820750
13	9	314	7.17080	Sorgo Forrajero (anual)	1	NO	0.58	0	0	0.58	Secundario	15	480.135477198872000	0.745244860837731
13	10	315	17.35099	FE+TB+L (3° año)	3	NO	0.29	0.29	0.29	0.29	Secundario	15	311.644115808656000	0.825507858823313
13	11	317	14.97893	FE+TB+L (1° año)	1	NO	0.29	0.29	0.29	0.29	Primario	25	367.149420008219000	0.802233317629858
13	12	319	12.98331	Maiz (anual)	1	NO	0	0	0	2.23	Secundario	15	174.994313247709000	1.465595770834220
13	13	320	6.46925	Alfalfa (2° año)	2	NO	0.29	0.29	0.29	0.29	Secundario	15	158.539347349507000	1.756307423114780
13	14	322	3.53031	Achicoria (1° año)	1	NO	0.29	0.29	0.29	0.29	Primario	25	558.603305030263000	0.460692490140597
13	18	330	3.44663	Campo Natural	1	NO	0.06	0.06	0.06	0.06	Primario	25	658.384147854388000	0.886218997992967
13	21	334	10.20493	Maiz (anual)	1	NO	0	0	0	2.23	Terciario	10	871.827912435304000	0.952462663692711
13	22	336	21.00061	Sorgo Forrajero (anual)	1	NO	0.58	0	0	0.58	Secundario	15	150.917067359476000	1.102617952863540
13	23	337	5.90624	FE+TB+L (3° año)	3	NO	0.29	0.29	0.29	0.29	Secundario	15	695.794633092676000	1.523288164287810
12	1	264	44.54575	Maiz (anual)	1	NO	0	0	0	2.23	Terciario	10	65.349023857669700	1.462085986974620
12	3	268	9.58216	FE+TB+L (2° año)	2	NO	0.29	0.29	0.29	0.29	Cuaternario	10	185.633930474882000	0.673504837460954
12	4	270	4.60011	Campo Natural	1	NO	0.06	0.06	0.06	0.06	Primario	25	4.928193200819240	1.713879444769450
12	5	272	10.82074	FE+TB+L (2° año)	2	NO	0.29	0.29	0.29	0.29	Cuaternario	10	185.792129073293000	0.901484472056230
12	6	274	6.83699	Sorgo Forrajero (anual)	1	NO	0.58	0	0	0.58	Secundario	15	44.938630060320600	1.896182747681940
12	7	275	8.20418	FE+TB+L (1° año)	1	NO	0.29	0.29	0.29	0.29	Secundario	15	300.584508947509000	0.865130971671770
12	8	276	6.46986	Sorgo Forrajero (anual)	1	NO	0.58	0	0	0.58	Primario	25	155.412725695023000	3.014535115638250
12	9	278	4.47795	FE+TB+L (1° año)	1	NO	0.29	0.29	0.29	0.29	Secundario	15	112.916471394065000	0.694109718144244
12	10	280	6.27222	FE+TB+L (1° año)	1	NO	0.29	0.29	0.29	0.29	Secundario	15	188.236596146016000	1.263325903617160
12	11	282	12.45877	FE+TB+L (1° año)	1	NO	0.29	0.29	0.29	0.29	Secundario	15	39.224700329364300	1.142865791588150
12	12	283	7.77132	Alfalfa (1° año)	1	NO	0.29	0.29	0.29	0.29	Cuaternario	10	254.291737842846000	1.692182975253840
12	13	285	10.45319	Sorgo Forrajero (anual)	1	NO	0.58	0	0	0.58	Cuaternario	10	10.426677882591200	1.568721167775600
12	14	287	7.06788	Alfalfa (1° año)	1	NO	0.29	0.29	0.29	0.29	Cuaternario	10	88.082313987824000	1.324666912292510
12	16	290	16.23267	Alfalfa (2° año)	2	NO	0.29	0.29	0.29	0.29	Terciario	10	227.565771421234000	1.669664163225230
12	17	292	7.13100	FE+TB+L (3° año)	3	NO	0.29	0.29	0.29	0.29	Terciario	10	98.163049462334500	1.726129891723390
12	18	293	12.95644	Sorgo Forrajero (anual)	1	NO	0.58	0	0	0.58	Terciario	10	331.715279962237000	1.386259454322030
12	19	294	9.88776	FE+TB+L (3° año)	3	NO	0.29	0.29	0.29	0.29	Cuaternario	10	430.826539429776000	0.602055662658743
12	20	296	4.34442	Achicoria (1° año)	1	NO	0.29	0.29	0.29	0.29	Terciario	10	226.654329096149000	2.296850916147230
12	21	298	6.31391	Sorgo Forrajero (anual)	1	NO	0.58	0	0	0.58	Terciario	10	245.285719515908000	1.350222506983710
