Productor.C.254	POT.N.10.0	ID.N.10.0	Sup_ha.N.21.5	USO.C.254	Tiempo.C.254	FIJO.C.2	coef_oto.C.254	coef_inv.C.254	coef_pri.C.254	coef_ver.C.254	join_Clase.C.254	join_Buffe.N.10.0	distance.N.24.15	pendmean.N.24.15
27	1	835	27.36393	FE+TB+L (1° año)	1	NO	0.29	0.29	0.29	0.29	Primario	25	68.459441934487100	1.571366968780560
22	1	631	16.52390	Sorgo Forrajero (anual)	1	NO	0.58	0	0	0.58	Primario	25	814.125114262406000	0.606882607765411
04	1	43	8.18522	TR+Cebadilla (1° año)	1	NO	0.29	0.29	0.29	0.29	Secundario	15	136.112999817107000	1.369014437640870
08	1	149	13.02759	Alfalfa (2° año)	2	NO	0.29	0.29	0.29	0.29	Secundario	15	370.729742223883000	0.362046216987073
23	1	657	25.30579	Campo Natural	1	NO	0.06	0.06	0.06	0.06	Terciario	10	5.712393343371180	1.806393376607910
07	1	122	17.01424	Maiz (anual)	1	NO	0	0	0	2.23	Terciario	10	59.224804177582700	1.349452600523990
41	1	1511	33.15065	Maiz (anual)	1	NO	0	0	0	2.23	Terciario	10	4.448862338113900	1.302960698775820
35	1	1170	28.09730	Alfalfa (1° año)	1	NO	0.29	0.29	0.29	0.29	Terciario	10	141.927260344533000	1.381478357376370
14	1	340	8.74304	Alfalfa (1° año)	1	NO	0.29	0.29	0.29	0.29	Secundario	15	229.353123620143000	0.541150444676888
30	1	974	58.91841	Maiz (anual)	1	NO	0	0	0	2.23	Secundario	15	4.477144711540000	1.345627499373760
40	1	1451	19.05370	Sorgo Forrajero (anual)	1	NO	0.58	0	0	0.58	Primario	25	13.432991776577400	1.221807837759680
29	1	911	3.63470	FE+TB+L (4° año)	4	NO	0.29	0.29	0.29	0.29	Terciario	10	448.884528813664000	0.186888498812914
39	1	1361	22.59041	Maiz (anual)	1	NO	0	0	0	2.23	Secundario	15	298.574827568272000	1.543159320980190
05	1	58	1.92105	Moha (anual)	1	NO	0	0	0	1.16	Terciario	10	224.190610720267000	1.472529102455490
17	1	442	11.09153	Sorgo Forrajero (anual)	1	NO	0.58	0	0	0.58	Secundario	15	442.166684318434000	1.332949078596030
28	1	863	8.26905	FE+TB+L (1° año)	1	NO	0.29	0.29	0.29	0.29	Terciario	10	83.460020235399500	0.516927848610541
38	1	1317	7.78077	Sorgo Forrajero (anual)	1	NO	0.58	0	0	0.58	Primario	25	443.953811468597000	0.897541639374362
11	1	232	0.93697	Campo Natural	1	NO	0.06	0.06	0.06	0.06	Primario	25	30.077685465254400	1.065608849892250
15	1	381	39.48179	Maiz (anual)	1	NO	0	0	0	2.23	Primario	25	328.635968027489000	1.168756831837690
03	1	25	14.98555	Sorgo Forrajero (anual)	1	NO	0.58	0	0	0.58	Primario	25	449.987682154109000	0.771585223354758
20	1	556	13.43409	FE+TB+L (3° año)	3	NO	0.29	0.29	0.29	0.29	Primario	25	381.112406660370000	0.602240067989040
33	1	1087	14.07598	Campo Natural	1	NO	0.06	0.06	0.06	0.06	Primario	25	104.251655483850000	1.184100149472550
34	1	1120	24.16004	FE+TB+L (3° año)	3	NO	0.29	0.29	0.29	0.29	Secundario	15	96.716804814059700	1.310220042657520
12	1	264	44.54575	Maiz (anual)	1	NO	0	0	0	2.23	Terciario	10	65.349023857669700	1.462085986974620
09	1	160	13.36894	TR+Cebadilla (1° año)	1	NO	0.29	0.29	0.29	0.29	Terciario	10	820.780308401744000	1.393645772387580
24	1	683	18.42314	Maiz (anual)	1	NO	0	0	0	2.23	Cuaternario	10	316.786657316445000	1.626885670125490
02	1	3	8.78258	Maiz (anual)	1	NO	0	0	0	2.23	Terciario	10	390.932774881432000	0.757625711102461
37	1	1260	11.41367	FE+TB+L (2° año)	2	NO	0.29	0.29	0.29	0.29	Secundario	15	142.297687170752000	0.612731433222218
25	1	733	5.27016	Maiz (anual)	1	NO	0	0	0	2.23	Terciario	10	501.937216004217000	1.056357325955490
31	1	1003	21.92909	Maiz (anual)	1	NO	0	0	0	2.23	Secundario	15	639.443559155104000	1.403077556475590
16	1	400	9.69045	Alfalfa (4° año)	4	NO	0.29	0.29	0.29	0.29	Primario	25	1238.998962551320000	1.429333308711650
32	1	1026	12.15493	Sorgo Forrajero (anual)	1	NO	0.58	0	0	0.58	Primario	25	222.500567715397000	0.995453903299791
22	2	633	19.86082	Alfalfa (2° año)	2	NO	0.29	0.29	0.29	0.29	Terciario	10	50.780091662351500	2.741235405074220
22	3	634	19.37772	Achicoria (1° año)	1	NO	0.29	0.29	0.29	0.29	Secundario	15	222.359042597129000	1.844062363728880
22	4	636	24.70731	FE+TB+L (4° año)	4	NO	0.29	0.29	0.29	0.29	Secundario	15	78.864851733164900	2.241874315060570
22	5	638	7.88946	FE+TB+L (4° año)	4	NO	0.29	0.29	0.29	0.29	Secundario	15	281.266698287011000	2.156835682343600
22	6	640	15.24670	Raigrás+TB+L (3° año)	3	NO	0.29	0.29	0.29	0.29	Secundario	15	28.290704302329300	3.078261524617310
22	7	642	18.84801	Raigrás+TB+L (3° año)	3	NO	0.29	0.29	0.29	0.29	Secundario	15	261.299940352788000	1.798057317274720
22	8	644	14.38028	Sorgo Forrajero (anual)	1	NO	0.58	0	0	0.58	Primario	25	839.577995718113000	1.887619098813470
22	9	646	15.09087	FE+TB+L (1° año)	1	NO	0.29	0.29	0.29	0.29	Secundario	15	189.105169978476000	1.993416574246740
22	10	647	13.44118	TR+TB+Raigrás (1° año)	1	NO	0.29	0.29	0.29	0.29	Secundario	15	349.313188135056000	0.577555898974339
22	11	649	19.19401	TR+Cebadilla (2° año)	2	NO	0.29	0.29	0.29	0.29	Terciario	10	50.087844139594100	1.278871953130910
22	12	650	19.05818	FE+TB+L (1° año)	1	NO	0.29	0.29	0.29	0.29	Secundario	15	271.705367302224000	1.136238027315690
22	13	651	15.49646	Sorgo Forrajero (anual)	1	NO	0.58	0	0	0.58	Primario	25	1064.694279749530000	1.331973982311190
15	2	383	19.27541	FE+TB+L (4° año)	4	NO	0.29	0.29	0.29	0.29	Primario	25	276.862102827135000	2.157264580760430
15	3	384	12.91364	Alfalfa (2° año)	2	NO	0.29	0.29	0.29	0.29	Primario	25	660.972695585037000	0.781779255114601
15	4	385	4.51432	Sorgo Forrajero (anual)	1	NO	0.58	0	0	0.58	Primario	25	152.416687244356000	1.898401526843800
15	5	387	20.10764	Alfalfa (4° año)	4	NO	0.29	0.29	0.29	0.29	Primario	25	291.184476601058000	1.899592411428410
15	6	389	12.75073	Sorgo Forrajero (anual)	1	NO	0.58	0	0	0.58	Primario	25	344.749129365735000	2.592302142688030
15	7	391	7.90212	Sorgo Forrajero (anual)	1	NO	0.58	0	0	0.58	Primario	25	187.649188828645000	1.195722406313700
31	2	1005	22.45886	Sorgo Forrajero (anual)	1	NO	0.58	0	0	0.58	Secundario	15	64.917920021186100	2.260428237814120
31	3	1006	4.77635	Maiz (anual)	1	NO	0	0	0	2.23	Secundario	15	331.237488295912000	1.152194504010480
31	4	1008	74.56580	Campo Natural	1	NO	0.06	0.06	0.06	0.06	Primario	25	69.870474773071200	2.291582024816730
31	5	1010	16.58094	Sorgo Forrajero (anual)	1	NO	0.58	0	0	0.58	Secundario	15	60.367806942108700	0.833073536923953
31	6	1012	11.78305	Campo Natural	1	NO	0.06	0.06	0.06	0.06	Primario	25	10.654280632028100	2.965771411818670
31	7	1014	18.42483	FE+TB+L (2° año)	2	NO	0.29	0.29	0.29	0.29	Primario	25	272.346283220103000	2.022996385068430
31	8	1016	12.08588	FE+TB+L (3° año)	3	NO	0.29	0.29	0.29	0.29	Secundario	15	108.606970798160000	2.150452260712260
31	9	1018	45.65831	Maiz (anual)	1	NO	0	0	0	2.23	Secundario	15	11.595031820428200	2.569948091874320
04	3	47	13.68645	FE+TB+L (1° año)	1	NO	0.29	0.29	0.29	0.29	Secundario	15	44.724072823682400	1.272571041186650
04	5	51	34.55130	Sorgo Forrajero (anual)	1	NO	0.58	0	0	0.58	Primario	25	960.370412094626000	0.998631717602014
04	6	53	8.31319	TR+Cebadilla (2° año)	2	NO	0.29	0.29	0.29	0.29	Primario	25	555.138270272396000	3.552032611436310
11	2	233	9.59520	Raigrás+TB+L (1° año)	1	NO	0.29	0.29	0.29	0.29	Primario	25	447.482837871417000	0.643730470548990
11	3	235	5.76048	TR+Cebadilla (1° año)	1	NO	0.29	0.29	0.29	0.29	Primario	25	26.123745067400700	1.460412130191710
11	4	236	10.20949	Sorgo Forrajero (anual)	1	NO	0.58	0	0	0.58	Primario	25	293.662755195805000	1.448488993262470
11	5	237	10.86592	TR+Cebadilla (1° año)	1	NO	0.29	0.29	0.29	0.29	Primario	25	380.519616436809000	1.527719761626640
11	6	238	11.25697	Sorgo Forrajero (anual)	1	NO	0.58	0	0	0.58	Primario	25	289.134091091478000	2.279943536221980
11	7	240	9.14329	TR+Cebadilla (2° año)	2	NO	0.29	0.29	0.29	0.29	Primario	25	260.492995345951000	2.461198920240770
11	8	242	8.90067	Sorgo Forrajero (anual)	1	NO	0.58	0	0	0.58	Secundario	15	69.743495651670100	1.978359740385980
11	9	243	7.65782	TR+Cebadilla (2° año)	2	NO	0.29	0.29	0.29	0.29	Secundario	15	251.996709458429000	1.741919854848550
11	10	245	5.25927	TR+TB+Raigrás (1° año)	1	NO	0.29	0.29	0.29	0.29	Primario	25	179.884853342125000	2.803177982045890
11	11	247	14.99651	FE+TB+L (1° año)	1	NO	0.29	0.29	0.29	0.29	Primario	25	80.938884924083400	2.140659655946670
11	12	248	12.71456	Alfalfa (2° año)	2	NO	0.29	0.29	0.29	0.29	Primario	25	485.400111537093000	1.801278433659010
11	13	249	5.60608	Alfalfa (1° año)	1	NO	0.29	0.29	0.29	0.29	Primario	25	460.673183946098000	0.850881699592836
11	14	251	20.35794	FE+TB+L (2° año)	2	NO	0.29	0.29	0.29	0.29	Primario	25	95.115983806810200	1.639229407392640
11	15	252	10.21458	FE+TB+L (3° año)	3	NO	0.29	0.29	0.29	0.29	Primario	25	218.679926236963000	1.067892181949740
11	16	253	10.37944	FE+TB+L (2° año)	2	NO	0.29	0.29	0.29	0.29	Primario	25	255.624685566782000	2.015116809168830
11	18	256	9.97760	FE+TB+L (2° año)	2	NO	0.29	0.29	0.29	0.29	Primario	25	393.229246647026000	0.636439610373330
12	3	268	9.58216	FE+TB+L (2° año)	2	NO	0.29	0.29	0.29	0.29	Cuaternario	10	185.633930474882000	0.673504837460954
12	4	270	4.60011	Campo Natural	1	NO	0.06	0.06	0.06	0.06	Primario	25	4.928193200819240	1.713879444769450
12	5	272	10.82074	FE+TB+L (2° año)	2	NO	0.29	0.29	0.29	0.29	Cuaternario	10	185.792129073293000	0.901484472056230
12	6	274	6.83699	Sorgo Forrajero (anual)	1	NO	0.58	0	0	0.58	Secundario	15	44.938630060320600	1.896182747681940
12	7	275	8.20418	FE+TB+L (1° año)	1	NO	0.29	0.29	0.29	0.29	Secundario	15	300.584508947509000	0.865130971671770
12	8	276	6.46986	Sorgo Forrajero (anual)	1	NO	0.58	0	0	0.58	Primario	25	155.412725695023000	3.014535115638250
12	9	278	4.47795	FE+TB+L (1° año)	1	NO	0.29	0.29	0.29	0.29	Secundario	15	112.916471394065000	0.694109718144244
12	10	280	6.27222	FE+TB+L (1° año)	1	NO	0.29	0.29	0.29	0.29	Secundario	15	188.236596146016000	1.263325903617160
12	11	282	12.45877	FE+TB+L (1° año)	1	NO	0.29	0.29	0.29	0.29	Secundario	15	39.224700329364300	1.142865791588150
12	12	283	7.77132	Alfalfa (1° año)	1	NO	0.29	0.29	0.29	0.29	Cuaternario	10	254.291737842846000	1.692182975253840
12	13	285	10.45319	Sorgo Forrajero (anual)	1	NO	0.58	0	0	0.58	Cuaternario	10	10.426677882591200	1.568721167775600
12	14	287	7.06788	Alfalfa (1° año)	1	NO	0.29	0.29	0.29	0.29	Cuaternario	10	88.082313987824000	1.324666912292510
34	2	1121	18.76713	FE+TB+L (2° año)	2	NO	0.29	0.29	0.29	0.29	Terciario	10	800.536452788062000	0.701527109504610
34	3	1123	19.99424	FE+TB+L (3° año)	3	NO	0.29	0.29	0.29	0.29	Secundario	15	120.683847968189000	1.684118606387210
34	4	1124	25.29637	Alfalfa (4° año)	4	NO	0.29	0.29	0.29	0.29	Terciario	10	828.522896335081000	1.342238633224450
34	6	1127	6.53497	Campo Natural	1	NO	0.06	0.06	0.06	0.06	Terciario	10	713.805733163547000	1.579835747585520
34	7	1128	8.21875	Achicoria (2° año)	2	NO	0.29	0.29	0.29	0.29	Terciario	10	410.718415580447000	0.134777032269505
23	2	658	7.70334	Sorgo Forrajero (anual)	1	NO	0.58	0	0	0.58	Secundario	15	154.078585809710000	0.648704694140525
23	3	660	3.45637	Lotus Puro (2° año)	2	NO	0.29	0.29	0.29	0.29	Secundario	15	105.080209769443000	1.160833212809690
23	4	661	6.61920	FE+TB+L (1° año)	1	NO	0.29	0.29	0.29	0.29	Secundario	15	158.042490623834000	0.986206082361085
23	5	663	22.99049	FE+TB+L (3° año)	3	NO	0.29	0.29	0.29	0.29	Secundario	15	181.643221566882000	1.131304237297470
23	6	664	16.01058	TR+Cebadilla (2° año)	2	NO	0.29	0.29	0.29	0.29	Secundario	15	310.053621042589000	1.256291666903290
23	7	665	5.95427	TR+Cebadilla (1° año)	1	NO	0.29	0.29	0.29	0.29	Secundario	15	228.725819765227000	1.729611501578360
23	8	666	11.73129	FE+TB+L (1° año)	1	NO	0.29	0.29	0.29	0.29	Secundario	15	288.154433834773000	1.377647155851830
23	9	668	13.52580	FE+TB+L (2° año)	2	NO	0.29	0.29	0.29	0.29	Primario	25	77.258218576442200	1.359155848475270
08	2	151	41.76122	FE+TB+L (1° año)	1	NO	0.29	0.29	0.29	0.29	Secundario	15	150.580781662813000	1.285206054789620
08	3	153	22.04661	Sorgo Forrajero (anual)	1	NO	0.58	0	0	0.58	Secundario	15	285.161020469768000	0.663498243216115
08	4	155	34.26290	FE+TB+L (2° año)	2	NO	0.29	0.29	0.29	0.29	Secundario	15	259.658538127467000	1.220364234516940
08	5	157	48.29353	Sorgo Forrajero (anual)	1	NO	0.58	0	0	0.58	Secundario	15	333.647744881492000	1.600468903902530
08	6	158	14.95859	Alfalfa (3° año)	3	NO	0.29	0.29	0.29	0.29	Terciario	10	495.789720751133000	1.003374762317670
23	10	669	14.10548	Sorgo Forrajero (anual)	1	NO	0.58	0	0	0.58	Terciario	10	352.855360164655000	1.857260828520980
23	11	671	20.48469	Campo Natural	1	NO	0.06	0.06	0.06	0.06	Secundario	15	94.098603822311100	2.097161656849460
23	12	672	17.33473	Sorgo Forrajero (anual)	1	NO	0.58	0	0	0.58	Primario	25	299.602330167672000	1.205284500446340
23	13	674	24.07280	Sorgo Forrajero (anual)	1	NO	0.58	0	0	0.58	Terciario	10	118.534015255309000	1.861699886085900
23	14	676	19.76224	Raigrás+TB+L (1° año)	1	NO	0.29	0.29	0.29	0.29	Secundario	15	169.711229351132000	0.896509871586388
40	2	1453	44.30569	Maiz (anual)	1	NO	0	0	0	2.23	Secundario	15	436.159566851932000	1.295673063694980
40	3	1455	85.09962	Maiz (anual)	1	NO	0	0	0	2.23	Secundario	15	31.661556464766700	1.723263563545130
40	4	1457	13.87164	FE+TB+L (2° año)	2	NO	0.29	0.29	0.29	0.29	Primario	25	179.556668767267000	3.055598366473400
40	6	1461	32.62869	Sorgo Forrajero (anual)	1	NO	0.58	0	0	0.58	Primario	25	543.878776573129000	1.453977531667870
40	7	1463	59.94971	TR+Cebadilla (2° año)	2	NO	0.29	0.29	0.29	0.29	Primario	25	126.358281742499000	1.497274484660630
40	10	1469	24.09835	Sorgo Forrajero (anual)	1	NO	0.58	0	0	0.58	Primario	25	339.778320920301000	1.605145300990680
40	11	1471	19.11955	Sorgo Forrajero (anual)	1	NO	0.58	0	0	0.58	Primario	25	371.939712242837000	1.526159216893960
40	12	1473	11.08539	Sorgo Forrajero (anual)	1	NO	0.58	0	0	0.58	Primario	25	452.853891527587000	1.810820266604420
40	13	1475	10.58752	Alfalfa (4° año)	4	NO	0.29	0.29	0.29	0.29	Primario	25	181.646774375306000	0.933820758564550
40	14	1477	3.86093	Achicoria (2° año)	2	NO	0.29	0.29	0.29	0.29	Primario	25	750.917417049068000	1.389184093901090
40	15	1479	20.09824	Alfalfa (4° año)	4	NO	0.29	0.29	0.29	0.29	Primario	25	397.701743495373000	1.172098621589950
40	16	1481	16.54556	Raigrás+TB+L (2° año)	2	NO	0.29	0.29	0.29	0.29	Primario	25	1348.224250802100000	1.132551429550290
40	17	1483	13.23501	Raigrás+TB+L (2° año)	2	NO	0.29	0.29	0.29	0.29	Primario	25	433.202931402955000	1.571325716940130
40	18	1484	23.69428	Moha (anual)	1	NO	0	0	0	1.16	Primario	25	1163.193824213310000	0.900885953051302
40	19	1486	14.97624	Alfalfa (2° año)	2	NO	0.29	0.29	0.29	0.29	Primario	25	930.594577380171000	0.784036833826587
36	1	1220	18.89736	TR+TB+Raigrás (2°año)	2	NO	0.29	0.29	0.29	0.29	Primario	25	214.677939822918000	1.193786372021850
36	2	1222	19.70973	Sorgo Forrajero (anual)	1	NO	0.58	0	0	0.58	Primario	25	528.323074046580000	1.662937594511150
36	3	1224	17.53276	TR+TB+Raigrás (2°año)	2	NO	0.29	0.29	0.29	0.29	Secundario	15	31.032946319833300	1.530942358782420
36	4	1226	7.71162	Campo Natural	1	NO	0.06	0.06	0.06	0.06	Secundario	15	95.613365237899800	1.389713491531130
36	5	1227	12.58723	Sorgo Forrajero (anual)	1	NO	0.58	0	0	0.58	Terciario	10	628.847121963658000	0.830765624046258
36	6	1228	9.40638	Sorgo Forrajero (anual)	1	NO	0.58	0	0	0.58	Terciario	10	439.398923165285000	1.186103837388870
36	7	1230	4.28929	Campo Natural	1	NO	0.06	0.06	0.06	0.06	Secundario	15	22.372719492362600	1.041882489104660
36	8	1232	20.37731	FE+TB+L (2° año)	2	NO	0.29	0.29	0.29	0.29	Terciario	10	99.955747370088400	1.361757906251830
36	9	1234	21.44317	Maiz (anual)	1	NO	0	0	0	2.23	Cuaternario	10	267.220750632556000	1.514468124336450
36	10	1236	18.62877	FE+TB+L (4° año)	4	NO	0.29	0.29	0.29	0.29	Terciario	10	301.438350254939000	1.386803996659090
36	11	1238	4.70172	Campo Natural	1	NO	0.06	0.06	0.06	0.06	Terciario	10	59.531665701509400	2.011777418631090
36	12	1240	18.23844	Alfalfa (2° año)	2	NO	0.29	0.29	0.29	0.29	Terciario	10	139.563871397046000	0.651898437992829
36	13	1241	35.07829	Maiz (anual)	1	NO	0	0	0	2.23	Secundario	15	768.659523508261000	1.064099589462780
18	2	492	8.17988	FE+TB+L (2° año)	2	NO	0.29	0.29	0.29	0.29	Secundario	15	59.645932525920500	1.424156404310660
18	3	494	9.36279	FE+TB+L (2° año)	2	NO	0.29	0.29	0.29	0.29	Secundario	15	14.391247635159200	1.078563667260680
18	4	495	12.17977	FE+TB+L (1° año)	1	NO	0.29	0.29	0.29	0.29	Secundario	15	475.604885286823000	1.008438201730740
18	5	496	15.10424	FE+TB+L (1° año)	1	NO	0.29	0.29	0.29	0.29	Secundario	15	369.871908763407000	1.664727058555140
19	2	524	7.96576	Campo Natural	1	NO	0.06	0.06	0.06	0.06	Secundario	15	43.102241440102400	1.363106487468740
19	3	525	8.76118	Sorgo Forrajero (anual)	1	NO	0.58	0	0	0.58	Secundario	15	583.710133275898000	0.934507512620517
19	5	529	7.21230	Campo Natural	1	NO	0.06	0.06	0.06	0.06	Terciario	10	17.413537158751900	1.631528356900580
19	6	530	31.34474	Maiz (anual)	1	NO	0	0	0	2.23	Terciario	10	1419.534846865160000	1.111237361682230
19	7	531	10.16793	FE+TB+L (2° año)	2	NO	0.29	0.29	0.29	0.29	Terciario	10	174.528886188628000	1.847921973207720
19	9	534	9.82546	TR+TB+Raigrás (1° año)	1	NO	0.29	0.29	0.29	0.29	Secundario	15	491.195357284096000	0.329733104292642
19	10	535	6.60611	TR+TB+Raigrás (1° año)	1	NO	0.29	0.29	0.29	0.29	Secundario	15	688.184037716814000	0.463505642718240
19	11	536	8.14254	Moha (anual)	1	NO	0	0	0	1.16	Secundario	15	594.681368808123000	0.478093455505112
19	13	538	15.36961	FE+TB+L (3° año)	3	NO	0.29	0.29	0.29	0.29	Secundario	15	591.604018301000000	1.299766788149580
19	15	540	13.99639	Sorgo Forrajero (anual)	1	NO	0.58	0	0	0.58	Secundario	15	529.842181692630000	1.686717931485780
19	16	541	2.73505	Sorgo Forrajero (anual)	1	NO	0.58	0	0	0.58	Secundario	15	635.705272366578000	0.743298585060984
19	17	542	5.23335	FE+TB+L (3° año)	3	NO	0.29	0.29	0.29	0.29	Secundario	15	285.273053836874000	1.628849237129610
19	18	543	3.37533	Campo Natural	1	NO	0.06	0.06	0.06	0.06	Secundario	15	349.271376575818000	1.111377010219980
05	2	59	5.56395	Alfalfa (1° año)	1	NO	0.29	0.29	0.29	0.29	Terciario	10	349.395194145093000	0.948454105191761
05	3	61	3.57057	Moha (anual)	1	NO	0	0	0	1.16	Terciario	10	106.299947859822000	2.400407061424280
05	4	62	3.97093	Alfalfa (2° año)	2	NO	0.29	0.29	0.29	0.29	Terciario	10	310.264410663946000	1.000941766159880
05	5	64	4.99990	Campo Natural	1	NO	0.06	0.06	0.06	0.06	Terciario	10	202.142042506682000	1.881801862407610
05	6	66	4.60986	Alfalfa (3° año)	3	NO	0.29	0.29	0.29	0.29	Terciario	10	817.201870981969000	0.863940823311899
05	8	68	9.01975	Sorgo Forrajero (anual)	1	NO	0.58	0	0	0.58	Terciario	10	1113.310014314280000	1.569307632057120
05	9	69	3.21471	Sorgo Forrajero (anual)	1	NO	0.58	0	0	0.58	Terciario	10	815.951988944704000	1.813380684703590
05	10	70	5.48233	Sorgo Forrajero (anual)	1	NO	0.58	0	0	0.58	Terciario	10	929.420727206421000	1.804715101208010
05	11	71	1.39048	Sorgo Forrajero (anual)	1	NO	0.58	0	0	0.58	Terciario	10	729.417235273333000	1.154996986190480
05	12	72	3.85287	Alfalfa (4° año)	4	NO	0.29	0.29	0.29	0.29	Terciario	10	633.451923891095000	1.302140264348550
05	13	73	2.42915	Sorgo Forrajero (anual)	1	NO	0.58	0	0	0.58	Terciario	10	347.055355005489000	0.591301285558277
05	14	74	2.50783	TR+Cebadilla (1° año)	1	NO	0.29	0.29	0.29	0.29	Terciario	10	537.244746853138000	1.162156676804580
05	15	75	2.01838	TR+Cebadilla (2° año)	2	NO	0.29	0.29	0.29	0.29	Terciario	10	580.869569654440000	1.294389846532240
05	16	76	12.47079	TR+TB+Raigrás (1° año)	1	NO	0.29	0.29	0.29	0.29	Terciario	10	386.637994734539000	1.459709362053190
05	17	77	8.71801	FE+TB+L (4° año)	4	NO	0.29	0.29	0.29	0.29	Terciario	10	394.461026722494000	0.395520570393348
05	18	79	4.52358	FE+TB+L (2° año)	2	NO	0.29	0.29	0.29	0.29	Terciario	10	34.434373626359600	1.224465230516360
05	19	80	17.24683	Maiz (anual)	1	NO	0	0	0	2.23	Terciario	10	405.270939066799000	1.133527532582610
05	21	83	9.17283	FE+TB+L (1° año)	1	NO	0.29	0.29	0.29	0.29	Terciario	10	393.624018178746000	0.645201560402033
05	22	85	9.09676	FE+TB+L (2° año)	2	NO	0.29	0.29	0.29	0.29	Terciario	10	56.249281359199000	2.125642770711260
05	23	86	8.10005	FE+TB+L (3° año)	3	NO	0.29	0.29	0.29	0.29	Terciario	10	486.702747470853000	0.728136280615052
05	24	87	6.46045	Maiz (anual)	1	NO	0	0	0	2.23	Terciario	10	357.529091271379000	0.136954678728112
29	2	913	20.94183	TR+Cebadilla (2° año)	2	NO	0.29	0.29	0.29	0.29	Terciario	10	52.042315367034000	1.546737351860760
29	3	914	2.69563	FE+TB+L (4° año)	4	NO	0.29	0.29	0.29	0.29	Terciario	10	278.524185560301000	1.493428365778060
29	4	915	2.63666	FE+TB+L (4° año)	4	NO	0.29	0.29	0.29	0.29	Terciario	10	110.240874541982000	1.049495269854860
30	2	976	16.20101	Sorgo Forrajero (anual)	1	NO	0.58	0	0	0.58	Primario	25	477.220673952467000	0.856819517026513
30	3	978	6.98553	Sorgo Forrajero (anual)	1	NO	0.58	0	0	0.58	Primario	25	120.987397610108000	1.257007174463160
39	2	1363	25.16208	TR+Cebadilla (1° año)	1	NO	0.29	0.29	0.29	0.29	Primario	25	328.673990360932000	1.910849195676340
39	3	1365	22.13334	Maiz (anual)	1	NO	0	0	0	2.23	Primario	25	393.853731438101000	1.776673395492010
39	4	1367	19.55412	Achicoria (2° año)	2	NO	0.29	0.29	0.29	0.29	Secundario	15	33.530356885218500	1.966221082836530
39	5	1369	23.93532	Maiz (anual)	1	NO	0	0	0	2.23	Primario	25	881.551627080757000	1.620192499559250
39	6	1371	35.13564	Campo Natural	1	NO	0.06	0.06	0.06	0.06	Primario	25	13.421274681355700	1.292554358757720
39	7	1372	8.63286	Raigrás+TB+L (2° año)	2	NO	0.29	0.29	0.29	0.29	Secundario	15	445.501256119647000	1.338018691416870
39	8	1374	2.77426	Sorgo Forrajero (anual)	1	NO	0.58	0	0	0.58	Secundario	15	53.140839549942500	0.592676316838591
39	9	1375	11.35515	Alfalfa (1° año)	1	NO	0.29	0.29	0.29	0.29	Secundario	15	521.919377612526000	0.902596494226944
39	10	1377	6.60160	Campo Natural	1	NO	0.06	0.06	0.06	0.06	Secundario	15	101.003984264517000	0.928785516382897
39	11	1378	7.48091	Sorgo Forrajero (anual)	1	NO	0.58	0	0	0.58	Terciario	10	710.886794261747000	1.558736541756880
39	12	1379	7.38041	Sorgo Forrajero (anual)	1	NO	0.58	0	0	0.58	Terciario	10	255.426491568206000	1.215569076221440
39	13	1380	7.66541	Sorgo Forrajero (anual)	1	NO	0.58	0	0	0.58	Secundario	15	280.050901329629000	1.950454554338570
39	14	1382	10.55896	FE+TB+L (1° año)	1	NO	0.29	0.29	0.29	0.29	Secundario	15	247.807241743807000	0.599919732091372
39	16	1384	7.86726	FE+TB+L (3° año)	3	NO	0.29	0.29	0.29	0.29	Terciario	10	146.715253929355000	2.241857740012080
39	17	1386	7.57768	Campo Natural	1	NO	0.06	0.06	0.06	0.06	Terciario	10	68.423953456914000	1.156438426003750
39	18	1387	4.46366	Alfalfa (4° año)	4	NO	0.29	0.29	0.29	0.29	Terciario	10	123.475436742094000	2.680118429660800
39	19	1389	7.75460	Sorgo Forrajero (anual)	1	NO	0.58	0	0	0.58	Secundario	15	180.878555581220000	1.859542407709010
39	20	1390	1.84566	Raigrás+TB+L (1° año)	1	NO	0.29	0.29	0.29	0.29	Secundario	15	226.199093537974000	1.564979451043270
39	21	1391	4.66252	FE+TB+L (4° año)	4	NO	0.29	0.29	0.29	0.29	Secundario	15	127.985165723410000	2.626342990077460
39	22	1393	4.49354	Campo Natural	1	NO	0.06	0.06	0.06	0.06	Secundario	15	125.782578012548000	0.996999698189589
39	24	1396	2.43657	Campo Natural	1	NO	0.06	0.06	0.06	0.06	Secundario	15	25.625328062851900	1.210404398718050
39	27	1399	8.98780	FE+TB+L (2° año)	2	NO	0.29	0.29	0.29	0.29	Secundario	15	314.102490107113000	0.412028318047523
39	28	1400	4.93333	FE+TB+L (2° año)	2	NO	0.29	0.29	0.29	0.29	Secundario	15	156.330419414068000	1.630362857471810
39	29	1401	3.94825	FE+TB+L (4° año)	4	NO	0.29	0.29	0.29	0.29	Secundario	15	411.323895465581000	1.159825681962750
39	31	1403	2.24546	Moha (anual)	1	NO	0	0	0	1.16	Secundario	15	301.490029516548000	0.673260118674349
39	32	1405	3.71353	TR+Cebadilla (2° año)	2	NO	0.29	0.29	0.29	0.29	Secundario	15	94.820948305566600	3.371627279690330
39	33	1406	3.87716	TR+Cebadilla (2° año)	2	NO	0.29	0.29	0.29	0.29	Secundario	15	301.213977648027000	1.038364540512970
39	34	1407	3.52965	Moha (anual)	1	NO	0	0	0	1.16	Secundario	15	197.997350998935000	2.275828873238910
39	35	1409	4.14785	TR+Cebadilla (1° año)	1	NO	0.29	0.29	0.29	0.29	Secundario	15	141.448731958604000	0.924900986750921
39	36	1410	6.57805	FE+TB+L (1° año)	1	NO	0.29	0.29	0.29	0.29	Secundario	15	303.262155274490000	0.889797729253769
39	37	1411	3.48867	Moha (anual)	1	NO	0	0	0	1.16	Secundario	15	331.240687940701000	0.574110699005616
39	38	1412	6.11030	FE+TB+L (2° año)	2	NO	0.29	0.29	0.29	0.29	Secundario	15	136.786315900036000	2.452973466685840
39	39	1414	5.28843	Alfalfa (2° año)	2	NO	0.29	0.29	0.29	0.29	Secundario	15	2.123171646062670	1.904437131665900
39	41	1418	5.84001	FE+TB+L (3° año)	3	NO	0.29	0.29	0.29	0.29	Secundario	15	65.329991425164400	2.554145389236510
39	42	1420	5.39613	FE+TB+L (3° año)	3	NO	0.29	0.29	0.29	0.29	Secundario	15	29.322282111084000	1.803255086315090
39	43	1422	12.64379	Lotus Puro (3° año)	3	NO	0.29	0.29	0.29	0.29	Primario	25	597.956780017569000	1.793816757348210
39	44	1424	12.74863	TR+TB+Raigrás (2°año)	2	NO	0.29	0.29	0.29	0.29	Primario	25	854.974560722917000	2.549201336841210
39	45	1426	33.50488	Campo Natural	1	NO	0.06	0.06	0.06	0.06	Primario	25	540.327633336186000	1.370549876333250
39	46	1428	13.96466	Raigrás+TB+L (1° año)	1	NO	0.29	0.29	0.29	0.29	Primario	25	208.887712538220000	0.574163582998437
39	47	1430	9.47133	Campo Natural	1	NO	0.06	0.06	0.06	0.06	Secundario	15	79.116574545109700	0.987908951583363
39	48	1432	51.23215	Campo Natural	1	NO	0.06	0.06	0.06	0.06	Primario	25	246.965353677475000	0.399795822198139
34	10	1133	24.64557	Alfalfa (2° año)	2	NO	0.29	0.29	0.29	0.29	Primario	25	161.008335935708000	1.299458031340430
34	11	1135	15.88673	Raigrás+TB+L (2° año)	2	NO	0.29	0.29	0.29	0.29	Secundario	15	213.788188755233000	2.393026653720040
34	12	1137	5.39788	Raigrás+TB+L (2° año)	2	NO	0.29	0.29	0.29	0.29	Secundario	15	113.405530979592000	1.944644893124950
34	13	1139	3.83801	TR+Cebadilla (2° año)	2	NO	0.29	0.29	0.29	0.29	Terciario	10	88.751459948911600	0.655356501660696
34	14	1141	7.76662	TR+Cebadilla (2° año)	2	NO	0.29	0.29	0.29	0.29	Terciario	10	118.122792704102000	0.985356529553731
34	15	1143	12.38637	Raigrás+TB+L (1° año)	1	NO	0.29	0.29	0.29	0.29	Terciario	10	249.603568811002000	0.856714233220052
34	20	1151	13.85595	Maiz (anual)	1	NO	0	0	0	2.23	Terciario	10	1044.790478828830000	1.555067920996470
34	21	1152	14.11330	FE+TB+L (2° año)	2	NO	0.29	0.29	0.29	0.29	Terciario	10	764.836799243286000	1.595868898603400
27	2	837	31.95202	Maiz (anual)	1	NO	0	0	0	2.23	Secundario	15	420.717846281176000	0.585902669431113
27	3	839	31.42391	Maiz (anual)	1	NO	0	0	0	2.23	Primario	25	378.346455975078000	1.696263958012340
27	4	841	14.79512	Sorgo Forrajero (anual)	1	NO	0.58	0	0	0.58	Terciario	10	567.684658164773000	1.298118207046020
27	5	843	18.76325	Sorgo Forrajero (anual)	1	NO	0.58	0	0	0.58	Terciario	10	181.139071285323000	1.306667431397140
27	6	844	10.13235	Alfalfa (2° año)	2	NO	0.29	0.29	0.29	0.29	Terciario	10	246.059399976932000	1.070788662165540
27	7	846	20.56520	Raigrás+TB+L (1° año)	1	NO	0.29	0.29	0.29	0.29	Terciario	10	190.942555301805000	1.256687965130180
27	8	848	11.10499	FE+TB+L (3° año)	3	NO	0.29	0.29	0.29	0.29	Terciario	10	205.563922380175000	1.008267998192760
27	9	850	13.02670	Alfalfa (2° año)	2	NO	0.29	0.29	0.29	0.29	Terciario	10	36.695436879496400	1.626381643530400
27	10	852	9.63238	Alfalfa (2° año)	2	NO	0.29	0.29	0.29	0.29	Terciario	10	191.521982051207000	1.389192832669000
27	11	854	10.35336	Alfalfa (2° año)	2	NO	0.29	0.29	0.29	0.29	Terciario	10	7.747743208871530	1.550079777586360
27	12	856	16.08429	Sorgo Forrajero (anual)	1	NO	0.58	0	0	0.58	Terciario	10	158.781639933248000	0.793162489927241
27	13	857	6.29051	FE+TB+L (3° año)	3	NO	0.29	0.29	0.29	0.29	Terciario	10	386.648797628385000	0.435656869236161
27	14	859	12.96074	FE+TB+L (3° año)	3	NO	0.29	0.29	0.29	0.29	Terciario	10	437.137096471460000	1.550281262910320
27	15	861	18.23850	Sorgo Forrajero (anual)	1	NO	0.58	0	0	0.58	Secundario	15	28.543577760840800	0.911836211345135
33	2	1089	14.81479	FE+TB+L (2° año)	2	NO	0.29	0.29	0.29	0.29	Primario	25	64.424262220298800	0.680007995454812
33	3	1090	11.53913	Sorgo Forrajero (anual)	1	NO	0.58	0	0	0.58	Terciario	10	199.303931149591000	0.624996731945086
33	4	1091	7.81993	Maiz (anual)	1	NO	0	0	0	2.23	Terciario	10	161.654180730097000	0.443045616694046
33	5	1093	17.66084	FE+TB+L (2° año)	2	NO	0.29	0.29	0.29	0.29	Primario	25	452.815378644362000	1.567413122104810
33	6	1095	14.35678	Sorgo Forrajero (anual)	1	NO	0.58	0	0	0.58	Secundario	15	242.985986395626000	0.900092402932706
33	7	1097	10.25321	FE+TB+L (3° año)	3	NO	0.29	0.29	0.29	0.29	Secundario	15	569.215854526795000	0.834364101488506
33	8	1099	20.54294	Achicoria (1° año)	1	NO	0.29	0.29	0.29	0.29	Primario	25	1335.167003028530000	2.224094618447610
33	9	1101	18.94790	Maiz (anual)	1	NO	0	0	0	2.23	Secundario	15	288.295947763456000	0.340986901410640
33	10	1103	17.94532	FE+TB+L (3° año)	3	NO	0.29	0.29	0.29	0.29	Primario	25	1286.390808811680000	1.553054216372620
33	11	1105	16.88067	Campo Natural	1	NO	0.06	0.06	0.06	0.06	Primario	25	1070.816837872570000	1.269069345199810
33	12	1107	35.03699	Sorgo Forrajero (anual)	1	NO	0.58	0	0	0.58	Terciario	10	66.858779123014800	1.377057136484520
33	13	1109	8.45128	Campo Natural	1	NO	0.06	0.06	0.06	0.06	Secundario	15	288.596262198354000	1.346288674200580
33	14	1111	18.70538	Campo Natural	1	NO	0.06	0.06	0.06	0.06	Secundario	15	430.663936257310000	1.201573036925890
33	15	1113	7.07492	Moha (anual)	1	NO	0	0	0	1.16	Secundario	15	630.654939494623000	1.939248772410600
33	16	1114	11.20253	Alfalfa (4° año)	4	NO	0.29	0.29	0.29	0.29	Terciario	10	270.606158434443000	0.905060973260703
33	17	1116	39.71753	Raigrás+TB+L (1° año)	1	NO	0.29	0.29	0.29	0.29	Primario	25	713.189492111060000	0.982443615607076
06	2	100	6.95681	Raigrás+TB+L (1° año)	1	NO	0.29	0.29	0.29	0.29	Secundario	15	1237.373721792450000	0.464284964147713
06	3	102	15.63586	Campo Natural	1	NO	0.06	0.06	0.06	0.06	Secundario	15	826.114959029616000	1.890761521824620
06	4	104	19.64521	FE+TB+L (1° año)	1	NO	0.29	0.29	0.29	0.29	Terciario	10	83.818587954145500	1.176199158489010
06	5	105	17.40102	FE+TB+L (2° año)	2	NO	0.29	0.29	0.29	0.29	Secundario	15	967.234283892982000	1.392729733425840
06	6	106	20.07946	Maiz (anual)	1	NO	0	0	0	2.23	Primario	25	613.061580354104000	0.758485808901723
06	7	107	20.07391	Maiz (anual)	1	NO	0	0	0	2.23	Primario	25	832.412686686041000	0.648249293255699
13	1	300	9.58248	FE+TB+L (4° año)	4	NO	0.29	0.29	0.29	0.29	Primario	25	144.224901467598000	1.117819235875060
13	2	301	12.20758	Sorgo Forrajero (anual)	1	NO	0.58	0	0	0.58	Secundario	15	434.720549281114000	0.758819769739228
13	4	305	12.44663	FE+TB+L (4° año)	4	NO	0.29	0.29	0.29	0.29	Primario	25	464.567354753610000	0.361123488522432
13	5	307	20.57872	Sorgo Forrajero (anual)	1	NO	0.58	0	0	0.58	Primario	25	395.024924114724000	0.623091117184805
13	6	309	9.47219	TR+Cebadilla (2° año)	2	NO	0.29	0.29	0.29	0.29	Primario	25	758.201993328540000	1.145078912520640
13	7	311	11.67047	Sorgo Forrajero (anual)	1	NO	0.58	0	0	0.58	Secundario	15	265.199945333808000	1.499706954467950
13	8	313	15.67973	FE+TB+L (2° año)	2	NO	0.29	0.29	0.29	0.29	Secundario	15	114.168847836382000	1.512426532820750
13	9	314	7.17080	Sorgo Forrajero (anual)	1	NO	0.58	0	0	0.58	Secundario	15	480.135477198872000	0.745244860837731
13	10	315	17.35099	FE+TB+L (3° año)	3	NO	0.29	0.29	0.29	0.29	Secundario	15	311.644115808656000	0.825507858823313
03	2	27	8.06099	FE+TB+L (3° año)	3	NO	0.29	0.29	0.29	0.29	Primario	25	387.656186928311000	0.799106154252182
03	4	30	10.85845	Sorgo Forrajero (anual)	1	NO	0.58	0	0	0.58	Secundario	15	267.651773705938000	0.741037747512261
03	5	32	12.70558	FE+TB+L (2° año)	2	NO	0.29	0.29	0.29	0.29	Secundario	15	16.792672573262500	1.374011554132250
03	6	33	3.76248	FE+TB+L (1° año)	1	NO	0.29	0.29	0.29	0.29	Secundario	15	259.043785983621000	1.079492445601970
03	7	34	4.28625	Moha (anual)	1	NO	0	0	0	1.16	Terciario	10	203.635793081192000	0.452720605484817
03	8	35	3.40907	Moha (anual)	1	NO	0	0	0	1.16	Secundario	15	124.770408897258000	0.403428975296648
03	10	38	2.75404	Moha (anual)	1	NO	0	0	0	1.16	Primario	25	465.213885548324000	0.913703102489998
03	11	39	1.70623	Campo Natural	1	NO	0.06	0.06	0.06	0.06	Primario	25	591.291990899619000	0.714124557517824
20	2	558	18.44367	Campo Natural	1	NO	0.06	0.06	0.06	0.06	Primario	25	208.207594210912000	0.943740962460490
20	3	559	4.70068	Achicoria (1° año)	1	NO	0.29	0.29	0.29	0.29	Terciario	10	368.595145708026000	0.771206925500114
20	4	561	11.23287	Achicoria (1° año)	1	NO	0.29	0.29	0.29	0.29	Terciario	10	278.255906839474000	1.375855311810030
20	5	563	16.21549	Raigrás+TB+L (1° año)	1	NO	0.29	0.29	0.29	0.29	Secundario	15	82.344346430542100	1.390567457924290
20	6	565	13.76153	FE+TB+L (2° año)	2	NO	0.29	0.29	0.29	0.29	Primario	25	269.367415807832000	0.935968631780461
20	7	566	16.97842	Sorgo Forrajero (anual)	1	NO	0.58	0	0	0.58	Secundario	15	287.419504425550000	1.376604996386330
20	8	568	13.00226	FE+TB+L (3° año)	3	NO	0.29	0.29	0.29	0.29	Primario	25	180.560390970882000	1.064342067576950
13	11	317	14.97893	FE+TB+L (1° año)	1	NO	0.29	0.29	0.29	0.29	Primario	25	367.149420008219000	0.802233317629858
13	12	319	12.98331	Maiz (anual)	1	NO	0	0	0	2.23	Secundario	15	174.994313247709000	1.465595770834220
13	13	320	6.46925	Alfalfa (2° año)	2	NO	0.29	0.29	0.29	0.29	Secundario	15	158.539347349507000	1.756307423114780
13	14	322	3.53031	Achicoria (1° año)	1	NO	0.29	0.29	0.29	0.29	Primario	25	558.603305030263000	0.460692490140597
20	10	572	9.83057	Campo Natural	1	NO	0.06	0.06	0.06	0.06	Primario	25	130.821966411501000	0.721275595561513
20	11	573	7.61278	FE+TB+L (1° año)	1	NO	0.29	0.29	0.29	0.29	Primario	25	431.114514601870000	0.686176801366465
20	12	574	7.20846	Sorgo Forrajero (anual)	1	NO	0.58	0	0	0.58	Secundario	15	748.941254438479000	1.345197327435020
20	13	576	6.25800	Raigrás+TB+L (3° año)	3	NO	0.29	0.29	0.29	0.29	Secundario	15	493.033295694094000	1.771843127029780
20	15	579	13.91471	Sorgo Forrajero (anual)	1	NO	0.58	0	0	0.58	Secundario	15	628.551996158428000	1.530583831804250
20	16	580	7.63543	Moha (anual)	1	NO	0	0	0	1.16	Secundario	15	274.386321074830000	0.313787027809988
20	17	581	5.89472	Achicoria (2° año)	2	NO	0.29	0.29	0.29	0.29	Secundario	15	158.855356420036000	0.805618312266288
20	18	583	10.83562	Raigrás+TB+L (3° año)	3	NO	0.29	0.29	0.29	0.29	Primario	25	558.248586885905000	0.815860380108158
20	19	584	5.65610	Achicoria (2° año)	2	NO	0.29	0.29	0.29	0.29	Secundario	15	199.699021527890000	1.832126309794760
20	20	585	9.35928	FE+TB+L (1° año)	1	NO	0.29	0.29	0.29	0.29	Primario	25	535.017715221148000	1.274672372161220
20	21	587	6.28233	Sorgo Forrajero (anual)	1	NO	0.58	0	0	0.58	Secundario	15	126.402344471637000	1.077797726984470
20	22	588	7.06890	FE+TB+L (1° año)	1	NO	0.29	0.29	0.29	0.29	Secundario	15	184.205771665435000	1.704748940351720
16	2	402	3.96941	Campo Natural	1	NO	0.06	0.06	0.06	0.06	Primario	25	103.189514431802000	0.844917965883558
16	3	403	8.51502	Sorgo Forrajero (anual)	1	NO	0.58	0	0	0.58	Terciario	10	563.846415105813000	0.569942511618137
16	4	404	6.83767	TR+Cebadilla (2° año)	2	NO	0.29	0.29	0.29	0.29	Primario	25	339.971966955222000	1.247659318722210
16	5	406	13.43903	Lotus Puro (3° año)	3	NO	0.29	0.29	0.29	0.29	Primario	25	402.865458761790000	0.793133695786064
16	6	407	3.47233	TR+Cebadilla (2° año)	2	NO	0.29	0.29	0.29	0.29	Primario	25	202.693470027649000	1.135507172659820
16	7	409	11.62400	FE+TB+L (3° año)	3	NO	0.29	0.29	0.29	0.29	Terciario	10	5.349270919524930	0.342377923592527
16	8	411	8.44713	Campo Natural	1	NO	0.06	0.06	0.06	0.06	Terciario	10	95.369539481941800	0.301224334906506
16	11	415	7.29110	FE+TB+L (2° año)	2	NO	0.29	0.29	0.29	0.29	Secundario	15	172.337030030370000	0.448190187313594
16	12	417	6.13833	FE+TB+L (2° año)	2	NO	0.29	0.29	0.29	0.29	Secundario	15	41.367281627963500	0.107746339848508
16	13	418	17.67757	FE+TB+L (3° año)	3	NO	0.29	0.29	0.29	0.29	Primario	25	317.937104135422000	1.638580536403630
16	14	420	10.49146	Campo Natural	1	NO	0.06	0.06	0.06	0.06	Secundario	15	147.593940827053000	0.843723757846052
16	15	421	2.41458	Achicoria (1° año)	1	NO	0.29	0.29	0.29	0.29	Secundario	15	147.314969097361000	0.371228380853103
16	16	422	4.64541	FE+TB+L (2° año)	2	NO	0.29	0.29	0.29	0.29	Secundario	15	305.224793166252000	1.358723214540920
16	17	424	13.20927	Sorgo Forrajero (anual)	1	NO	0.58	0	0	0.58	Secundario	15	263.627088444955000	1.308477031379540
32	2	1028	26.08672	Maiz (anual)	1	NO	0	0	0	2.23	Primario	25	1020.661372286740000	0.703220481144815
32	3	1030	12.52925	Sorgo Forrajero (anual)	1	NO	0.58	0	0	0.58	Secundario	15	49.430028178261200	0.927853132508419
32	5	1033	18.57696	TR+TB+Raigrás (1° año)	1	NO	0.29	0.29	0.29	0.29	Secundario	15	347.273050138805000	0.883732442622599
38	3	1321	53.38348	Alfalfa (1° año)	1	NO	0.29	0.29	0.29	0.29	Secundario	15	250.213706901378000	1.302410179868090
38	4	1322	25.82228	FE+TB+L (4° año)	4	NO	0.29	0.29	0.29	0.29	Primario	25	369.352854438701000	0.830235745395820
38	5	1324	16.16996	FE+TB+L (4° año)	4	NO	0.29	0.29	0.29	0.29	Primario	25	253.981191329681000	1.186373136399440
21	2	608	32.96746	FE+TB+L (3° año)	3	NO	0.29	0.29	0.29	0.29	Secundario	15	309.317241445315000	1.081296908260610
10	2	201	17.14385	TR+Cebadilla (1° año)	1	NO	0.29	0.29	0.29	0.29	Primario	25	652.457466991892000	0.897044468011397
10	4	204	21.25634	Sorgo Forrajero (anual)	1	NO	0.58	0	0	0.58	Primario	25	289.850475894092000	0.785288863934768
10	6	207	12.44918	Campo Natural	1	NO	0.06	0.06	0.06	0.06	Primario	25	296.586144402047000	0.867119308252832
10	7	208	9.43650	TR+Cebadilla (2° año)	2	NO	0.29	0.29	0.29	0.29	Primario	25	945.729363415729000	1.285815639455210
10	8	209	12.67022	Achicoria (2° año)	2	NO	0.29	0.29	0.29	0.29	Primario	25	843.464258520461000	1.623587919002840
10	9	210	15.71370	Sorgo Forrajero (anual)	1	NO	0.58	0	0	0.58	Primario	25	1354.193317861180000	1.475335868813940
10	10	211	3.92486	Alfalfa (2° año)	2	NO	0.29	0.29	0.29	0.29	Primario	25	271.197538647090000	0.814017848111689
26	1	796	7.93091	FE+TB+L (2° año)	2	NO	0.29	0.29	0.29	0.29	Primario	25	291.773976357692000	0.818964258003771
26	2	797	7.82121	Sorgo Forrajero (anual)	1	NO	0.58	0	0	0.58	Primario	25	1036.939882935080000	1.702794837886870
26	3	798	6.53829	FE+TB+L (2° año)	2	NO	0.29	0.29	0.29	0.29	Primario	25	438.553854411391000	0.604513455803196
26	4	799	6.30649	FE+TB+L (4° año)	4	NO	0.29	0.29	0.29	0.29	Primario	25	573.894448543232000	1.937490481138230
26	5	800	7.10717	FE+TB+L (4° año)	4	NO	0.29	0.29	0.29	0.29	Primario	25	730.378636389365000	1.521751110752420
10	12	214	4.70201	FE+TB+L (4° año)	4	NO	0.29	0.29	0.29	0.29	Primario	25	486.405402468398000	1.300043490855900
10	13	215	4.06674	Alfalfa (1° año)	1	NO	0.29	0.29	0.29	0.29	Primario	25	675.551578058590000	0.409648313728529
10	15	218	4.44920	FE+TB+L (2° año)	2	NO	0.29	0.29	0.29	0.29	Primario	25	554.057367663613000	0.121832380233252
26	6	801	14.35132	Maiz (anual)	1	NO	0	0	0	2.23	Secundario	15	780.741007853325000	1.945497633713600
26	7	802	5.13637	FE+TB+L (3° año)	3	NO	0.29	0.29	0.29	0.29	Secundario	15	1109.314778874210000	0.771353990867220
26	8	803	14.67260	Raigrás+TB+L (1° año)	1	NO	0.29	0.29	0.29	0.29	Primario	25	772.892219253806000	1.676082119194400
26	9	804	7.93820	Sorgo Forrajero (anual)	1	NO	0.58	0	0	0.58	Primario	25	1235.064799787220000	1.149215806736040
26	10	805	8.50003	Campo Natural	1	NO	0.06	0.06	0.06	0.06	Secundario	15	626.004354632002000	1.789683141384500
26	11	806	8.26979	Achicoria (1° año)	1	NO	0.29	0.29	0.29	0.29	Secundario	15	660.898404559560000	0.707976596681087
26	12	807	4.42013	Sorgo Forrajero (anual)	1	NO	0.58	0	0	0.58	Primario	25	957.556783391534000	0.648084448083587
26	13	808	3.09777	Moha (anual)	1	NO	0	0	0	1.16	Secundario	15	401.888212342274000	2.149039717281570
26	14	809	14.69815	Alfalfa (3° año)	3	NO	0.29	0.29	0.29	0.29	Secundario	15	158.572740176031000	1.642104318572410
26	18	813	9.87628	Sorgo Forrajero (anual)	1	NO	0.58	0	0	0.58	Secundario	15	422.039751180569000	0.904977704514749
32	7	1036	8.65122	Sorgo Forrajero (anual)	1	NO	0.58	0	0	0.58	Terciario	10	300.711464390176000	0.424628289089989
32	8	1038	26.43035	Maiz (anual)	1	NO	0	0	0	2.23	Primario	25	381.268138294488000	1.165026392116130
32	9	1039	10.43474	Sorgo Forrajero (anual)	1	NO	0.58	0	0	0.58	Secundario	15	133.780963553082000	1.106905330743260
32	10	1040	17.13860	Maiz (anual)	1	NO	0	0	0	2.23	Primario	25	843.668753574096000	1.095451096845590
16	18	425	8.91091	Sorgo Forrajero (anual)	1	NO	0.58	0	0	0.58	Primario	25	995.875269182386000	1.187663249671460
16	19	427	6.85119	Raigrás+TB+L (3° año)	3	NO	0.29	0.29	0.29	0.29	Terciario	10	40.891811934195900	1.021439444560270
16	20	428	7.53197	Raigrás+TB+L (3° año)	3	NO	0.29	0.29	0.29	0.29	Primario	25	671.336632909523000	0.440411061669389
16	21	430	11.12169	Alfalfa (2° año)	2	NO	0.29	0.29	0.29	0.29	Terciario	10	161.008520158475000	0.900801209488609
16	22	432	12.16745	Alfalfa (2° año)	2	NO	0.29	0.29	0.29	0.29	Primario	25	933.025693856735000	1.610065031851480
32	11	1042	13.61331	Moha (anual)	1	NO	0	0	0	1.16	Terciario	10	40.519915140476200	0.626292343245280
32	12	1044	10.87760	Moha (anual)	1	NO	0	0	0	1.16	Secundario	15	93.516476074134600	1.131736123511770
32	13	1046	7.50868	Moha (anual)	1	NO	0	0	0	1.16	Terciario	10	148.240588837212000	1.215118283966940
32	15	1050	5.19275	FE+TB+L (2° año)	2	NO	0.29	0.29	0.29	0.29	Secundario	15	93.823419363872500	0.537335096440952
32	16	1051	4.54124	Sorgo Forrajero (anual)	1	NO	0.58	0	0	0.58	Terciario	10	154.160567127353000	0.068631610311568
32	17	1052	4.26656	Sorgo Forrajero (anual)	1	NO	0.58	0	0	0.58	Terciario	10	228.192109811044000	0.144004238769412
32	18	1053	7.70986	Sorgo Forrajero (anual)	1	NO	0.58	0	0	0.58	Terciario	10	282.376678369181000	0.960354566231541
32	20	1056	6.08509	FE+TB+L (2° año)	2	NO	0.29	0.29	0.29	0.29	Primario	25	75.521090662255500	1.058069241769390
32	23	1061	7.21325	Sorgo Forrajero (anual)	1	NO	0.58	0	0	0.58	Secundario	15	150.633120139879000	0.336924730812187
32	24	1063	15.06282	Sorgo Forrajero (anual)	1	NO	0.58	0	0	0.58	Secundario	15	150.058588768499000	1.094648173920990
38	6	1326	39.65043	Sorgo Forrajero (anual)	1	NO	0.58	0	0	0.58	Secundario	15	173.752111860285000	1.193620158323510
38	7	1328	16.76479	FE+TB+L (2° año)	2	NO	0.29	0.29	0.29	0.29	Terciario	10	341.440501099762000	0.821708186339307
38	8	1330	18.34160	Raigrás+TB+L (3° año)	3	NO	0.29	0.29	0.29	0.29	Terciario	10	153.302778328654000	0.912752863149441
38	9	1332	23.79967	Alfalfa (4° año)	4	NO	0.29	0.29	0.29	0.29	Terciario	10	275.506053871284000	1.398278169418920
38	10	1334	16.41650	FE+TB+L (2° año)	2	NO	0.29	0.29	0.29	0.29	Terciario	10	71.610876999849000	0.642031102144456
38	11	1336	19.37696	FE+TB+L (3° año)	3	NO	0.29	0.29	0.29	0.29	Terciario	10	183.807213887323000	0.821799875605245
38	12	1338	14.12729	Achicoria (2° año)	2	NO	0.29	0.29	0.29	0.29	Terciario	10	29.324102197963200	1.068041208824970
38	13	1340	11.18468	Achicoria (2° año)	2	NO	0.29	0.29	0.29	0.29	Terciario	10	144.292070102933000	0.868489585757256
38	14	1342	23.31258	FE+TB+L (3° año)	3	NO	0.29	0.29	0.29	0.29	Terciario	10	21.648703537584300	0.457739420350670
38	15	1344	31.62256	FE+TB+L (3° año)	3	NO	0.29	0.29	0.29	0.29	Terciario	10	21.879300465812600	2.138232607816590
21	4	612	14.60913	FE+TB+L (4° año)	4	NO	0.29	0.29	0.29	0.29	Secundario	15	16.680037874712900	1.196362939752210
21	5	613	12.35094	Achicoria (2° año)	2	NO	0.29	0.29	0.29	0.29	Terciario	10	758.321946474893000	0.786445368804949
21	6	615	10.75793	Campo Natural	1	NO	0.06	0.06	0.06	0.06	Secundario	15	9.681607318183690	0.573572418229146
21	7	617	22.98462	FE+TB+L (1° año)	1	NO	0.29	0.29	0.29	0.29	Secundario	15	242.859246814670000	0.289390484125761
21	8	618	11.71130	Sorgo Forrajero (anual)	1	NO	0.58	0	0	0.58	Secundario	15	410.423800667030000	0.291922357277228
38	16	1346	28.73597	Raigrás+TB+L (2° año)	2	NO	0.29	0.29	0.29	0.29	Terciario	10	114.349328730468000	1.920488831639850
38	17	1348	19.93785	Raigrás+TB+L (3° año)	3	NO	0.29	0.29	0.29	0.29	Terciario	10	285.228393794096000	0.713295778622050
38	18	1350	8.42821	FE+TB+L (1° año)	1	NO	0.29	0.29	0.29	0.29	Secundario	15	120.577536512768000	0.871021203773538
38	19	1352	20.58065	Raigrás+TB+L (3° año)	3	NO	0.29	0.29	0.29	0.29	Terciario	10	370.666623696067000	0.622975942059235
09	2	162	34.88563	Maiz (anual)	1	NO	0	0	0	2.23	Primario	25	838.400241131500000	0.935711600507299
09	3	164	19.04763	FE+TB+L (3° año)	3	NO	0.29	0.29	0.29	0.29	Terciario	10	102.120847840617000	1.423282189128540
09	4	165	4.06745	Achicoria (1° año)	1	NO	0.29	0.29	0.29	0.29	Primario	25	533.945280638434000	0.529838678681038
09	6	168	2.94736	Moha (anual)	1	NO	0	0	0	1.16	Terciario	10	304.140384919892000	0.562927907163447
09	8	171	4.30393	TR+Cebadilla (1° año)	1	NO	0.29	0.29	0.29	0.29	Primario	25	476.912459632296000	0.356964572503859
09	9	173	2.56646	TR+Cebadilla (1° año)	1	NO	0.29	0.29	0.29	0.29	Primario	25	219.249431463325000	1.112124979762090
09	11	176	4.52767	Campo Natural	1	NO	0.06	0.06	0.06	0.06	Primario	25	207.917751432696000	0.751835882663727
09	12	178	13.69274	Maiz (anual)	1	NO	0	0	0	2.23	Primario	25	721.822948839835000	0.673829156634034
09	13	179	6.41097	FE+TB+L (2° año)	2	NO	0.29	0.29	0.29	0.29	Primario	25	557.710031297199000	0.619424940380332
09	14	180	4.66872	FE+TB+L (2° año)	2	NO	0.29	0.29	0.29	0.29	Primario	25	522.629954047412000	0.594291189931474
09	15	181	5.13223	Sorgo Forrajero (anual)	1	NO	0.58	0	0	0.58	Primario	25	282.644352273521000	0.652148055233832
09	16	182	4.70239	FE+TB+L (1° año)	1	NO	0.29	0.29	0.29	0.29	Primario	25	427.274790520627000	0.517964645343668
09	17	183	4.37315	FE+TB+L (1° año)	1	NO	0.29	0.29	0.29	0.29	Primario	25	480.149841973898000	0.486745161505846
09	18	185	12.91792	Raigrás+TB+L (1° año)	1	NO	0.29	0.29	0.29	0.29	Terciario	10	34.561033276839600	2.014866175664050
09	19	186	5.37755	Alfalfa (1° año)	1	NO	0.29	0.29	0.29	0.29	Terciario	10	1031.548001039530000	1.715611398400320
09	20	187	2.37253	Maiz (anual)	1	NO	0	0	0	2.23	Primario	25	1223.967953771630000	2.212710374822980
09	21	189	5.92197	Alfalfa (1° año)	1	NO	0.29	0.29	0.29	0.29	Terciario	10	894.536254081664000	1.782435139611600
09	22	190	2.98367	Alfalfa (3° año)	3	NO	0.29	0.29	0.29	0.29	Terciario	10	766.436871566766000	1.169243744828480
09	23	192	3.61691	Alfalfa (3° año)	3	NO	0.29	0.29	0.29	0.29	Primario	25	1259.469970071920000	2.824354673043270
24	2	685	20.74995	Maiz (anual)	1	NO	0	0	0	2.23	Cuaternario	10	47.852731548586200	1.354611279735720
24	3	687	1.42119	TR+TB+Raigrás (1° año)	1	NO	0.29	0.29	0.29	0.29	Cuaternario	10	40.619865599663200	1.929447969421740
24	4	689	14.09247	Campo Natural	1	NO	0.06	0.06	0.06	0.06	Terciario	10	76.914194517702700	1.377629358934450
24	5	691	9.10896	FE+TB+L (1° año)	1	NO	0.29	0.29	0.29	0.29	Cuaternario	10	374.133427782371000	1.766420086370960
24	6	693	2.00269	Campo Natural	1	NO	0.06	0.06	0.06	0.06	Terciario	10	107.463111068236000	1.368892483089280
24	7	695	2.71775	Moha (anual)	1	NO	0	0	0	1.16	Terciario	10	170.746785151055000	0.376992304942438
24	8	697	3.38548	Moha (anual)	1	NO	0	0	0	1.16	Terciario	10	119.697457638783000	0.936163591319009
24	9	698	2.68054	FE+TB+L (3° año)	3	NO	0.29	0.29	0.29	0.29	Terciario	10	297.552631299895000	1.475397408008580
24	10	699	2.36982	FE+TB+L (3° año)	3	NO	0.29	0.29	0.29	0.29	Terciario	10	187.859218178343000	0.686038373797028
24	11	701	12.53409	Achicoria (1° año)	1	NO	0.29	0.29	0.29	0.29	Terciario	10	802.333175406060000	1.045822511773020
24	12	703	15.92622	Alfalfa (2° año)	2	NO	0.29	0.29	0.29	0.29	Cuaternario	10	69.507268258287100	0.334248957774751
24	13	704	8.03321	Sorgo Forrajero (anual)	1	NO	0.58	0	0	0.58	Terciario	10	390.408143552922000	1.400597640706430
24	14	705	8.68632	Moha (anual)	1	NO	0	0	0	1.16	Terciario	10	694.161477294894000	0.669823651211826
24	15	706	8.76106	Achicoria (2° año)	2	NO	0.29	0.29	0.29	0.29	Terciario	10	602.514634598523000	0.404094715170639
24	16	707	9.37773	Achicoria (2° año)	2	NO	0.29	0.29	0.29	0.29	Terciario	10	451.508572979049000	0.351597569173291
24	17	709	6.30684	FE+TB+L (1° año)	1	NO	0.29	0.29	0.29	0.29	Cuaternario	10	21.077580401063200	0.703667562176932
24	18	710	4.70109	Moha (anual)	1	NO	0	0	0	1.16	Terciario	10	525.447513097909000	0.893501366525888
24	19	712	10.72397	Sorgo Forrajero (anual)	1	NO	0.58	0	0	0.58	Terciario	10	276.188529010917000	1.072149018154430
24	20	713	13.31914	Sorgo Forrajero (anual)	1	NO	0.58	0	0	0.58	Terciario	10	160.736096084936000	0.512834043510808
24	21	715	13.85375	Sorgo Forrajero (anual)	1	NO	0.58	0	0	0.58	Terciario	10	89.079668579625000	1.530176270928160
24	22	716	3.99257	Moha (anual)	1	NO	0	0	0	1.16	Terciario	10	757.686950996942000	0.519056591332297
24	23	718	21.69493	Maiz (anual)	1	NO	0	0	0	2.23	Terciario	10	274.218332007901000	0.770921227615327
24	25	721	1.89981	TR+TB+Raigrás (1° año)	1	NO	0.29	0.29	0.29	0.29	Cuaternario	10	108.374773077332000	2.806739859960300
24	26	722	2.11492	Moha (anual)	1	NO	0	0	0	1.16	Terciario	10	514.909108663558000	1.214980007513710
24	27	724	4.01548	Raigrás+TB+L (1° año)	1	NO	0.29	0.29	0.29	0.29	Cuaternario	10	107.079553244455000	0.724637113850225
26	19	815	6.49879	TR+TB+Raigrás (2°año)	2	NO	0.29	0.29	0.29	0.29	Primario	25	142.261314077671000	0.926953132876328
26	22	820	21.14833	Sorgo Forrajero (anual)	1	NO	0.58	0	0	0.58	Primario	25	290.935883771755000	1.240155525981070
26	23	821	21.20456	Raigrás+TB+L (2° año)	2	NO	0.29	0.29	0.29	0.29	Primario	25	790.525059403396000	1.112025320314870
07	2	123	8.92191	Sorgo Forrajero (anual)	1	NO	0.58	0	0	0.58	Secundario	15	583.596299742252000	1.154483590543890
07	3	125	8.16391	FE+TB+L (1° año)	1	NO	0.29	0.29	0.29	0.29	Secundario	15	867.182421083759000	0.863224250142989
07	4	126	8.40522	FE+TB+L (1° año)	1	NO	0.29	0.29	0.29	0.29	Secundario	15	747.566947937882000	0.591502672722263
07	5	128	10.10846	FE+TB+L (2° año)	2	NO	0.29	0.29	0.29	0.29	Terciario	10	61.526354206006000	0.944111433176868
07	6	130	3.33207	Raigrás+TB+L (1° año)	1	NO	0.29	0.29	0.29	0.29	Secundario	15	1058.330958643350000	0.960598689478797
07	7	132	11.26412	FE+TB+L (2° año)	2	NO	0.29	0.29	0.29	0.29	Secundario	15	865.037900861255000	0.991533544313695
07	8	134	19.00933	FE+TB+L (3° año)	3	NO	0.29	0.29	0.29	0.29	Terciario	10	2.471983570924280	1.264893286954170
07	9	136	26.94696	Maiz (anual)	1	NO	0	0	0	2.23	Terciario	10	331.144429392881000	0.789455856081335
07	10	137	13.30286	Maiz (anual)	1	NO	0	0	0	2.23	Terciario	10	644.735091310536000	0.673705674890378
07	11	138	12.29879	Achicoria (1° año)	1	NO	0.29	0.29	0.29	0.29	Terciario	10	229.850935785816000	0.896165236558792
07	13	141	10.99776	Achicoria (2° año)	2	NO	0.29	0.29	0.29	0.29	Terciario	10	238.157837654158000	0.538029632763937
07	14	143	2.83907	Campo Natural	1	NO	0.06	0.06	0.06	0.06	Terciario	10	15.053695597917700	1.573721574770440
29	5	916	15.36340	TR+TB+Raigrás (2°año)	2	NO	0.29	0.29	0.29	0.29	Secundario	15	199.564769910003000	0.920051021126689
29	6	917	3.11053	Alfalfa (1° año)	1	NO	0.29	0.29	0.29	0.29	Terciario	10	303.243913865321000	2.207638407454770
29	7	918	4.64721	Alfalfa (1° año)	1	NO	0.29	0.29	0.29	0.29	Terciario	10	241.355281686918000	0.841316235515307
29	8	920	7.42184	TR+TB+Raigrás (2°año)	2	NO	0.29	0.29	0.29	0.29	Terciario	10	4.433147799839990	1.370851663343700
29	9	922	7.33031	Lotus Puro (3° año)	3	NO	0.29	0.29	0.29	0.29	Secundario	15	255.923887247699000	1.415038659935820
29	10	924	5.56990	FE+TB+L (1° año)	1	NO	0.29	0.29	0.29	0.29	Primario	25	433.753654996006000	1.917915694049150
29	11	926	6.57388	TR+TB+Raigrás (1° año)	1	NO	0.29	0.29	0.29	0.29	Secundario	15	52.616234553670200	1.931748149125540
29	12	928	10.55839	Sorgo Forrajero (anual)	1	NO	0.58	0	0	0.58	Secundario	15	78.468173592533300	1.682857665496000
29	15	934	8.62679	Sorgo Forrajero (anual)	1	NO	0.58	0	0	0.58	Secundario	15	462.576532785864000	2.496966748752380
29	16	936	7.87642	TR+TB+Raigrás (1° año)	1	NO	0.29	0.29	0.29	0.29	Secundario	15	177.431677085854000	1.090991345684180
29	17	937	10.54857	Maiz (anual)	1	NO	0	0	0	2.23	Terciario	10	300.877732428972000	0.729106342009569
29	18	938	8.15097	Alfalfa (4° año)	4	NO	0.29	0.29	0.29	0.29	Secundario	15	278.121993930260000	0.770210096837728
29	19	940	1.40673	Alfalfa (4° año)	4	NO	0.29	0.29	0.29	0.29	Terciario	10	389.628858358813000	1.341574478149410
29	20	941	11.13821	TR+Cebadilla (1° año)	1	NO	0.29	0.29	0.29	0.29	Secundario	15	298.964908832608000	1.149451486027440
29	21	943	7.53098	FE+TB+L (1° año)	1	NO	0.29	0.29	0.29	0.29	Secundario	15	47.009431963500100	1.222919490407500
29	22	945	7.42157	FE+TB+L (1° año)	1	NO	0.29	0.29	0.29	0.29	Secundario	15	176.548198949915000	0.629349916805456
05	26	91	7.44418	Maiz (anual)	1	NO	0	0	0	2.23	Terciario	10	155.369724833917000	1.232401883386700
41	2	1513	8.01164	Campo Natural	1	NO	0.06	0.06	0.06	0.06	Terciario	10	60.464138957641200	1.565857725484030
42	1	1539	12.04610	FE+TB+L (2° año)	2	NO	0.29	0.29	0.29	0.29	Terciario	10	78.186742375010500	1.845300032695140
41	4	1516	17.50901	Campo Natural	1	NO	0.06	0.06	0.06	0.06	Secundario	15	135.999094530732000	1.101692818846380
41	5	1518	59.35405	Maiz (anual)	1	NO	0	0	0	2.23	Primario	25	559.140953744881000	0.940163607838930
42	2	1540	10.29414	FE+TB+L (2° año)	2	NO	0.29	0.29	0.29	0.29	Secundario	15	893.445976379767000	0.778154243186519
42	3	1542	35.20659	Maiz (anual)	1	NO	0	0	0	2.23	Terciario	10	229.764348314325000	1.701225369607010
42	4	1544	9.46106	FE+TB+L (4° año)	4	NO	0.29	0.29	0.29	0.29	Terciario	10	169.862072544185000	1.257676140041580
42	5	1546	19.65239	FE+TB+L (3° año)	3	NO	0.29	0.29	0.29	0.29	Terciario	10	272.453800719315000	1.238061339124490
42	6	1548	3.39604	Sorgo Forrajero (anual)	1	NO	0.58	0	0	0.58	Terciario	10	29.953221894344400	0.485602007051440
42	7	1550	13.11589	Campo Natural	1	NO	0.06	0.06	0.06	0.06	Primario	25	30.611522948938500	0.661368444510218
42	8	1552	8.25871	FE+TB+L (4° año)	4	NO	0.29	0.29	0.29	0.29	Primario	25	226.313007382101000	0.576240481583627
42	9	1554	16.87111	Sorgo Forrajero (anual)	1	NO	0.58	0	0	0.58	Primario	25	573.236020154451000	1.452554108146680
42	10	1556	7.86157	Campo Natural	1	NO	0.06	0.06	0.06	0.06	Secundario	15	123.170924695613000	1.845872079624850
42	11	1557	6.23147	Sorgo Forrajero (anual)	1	NO	0.58	0	0	0.58	Primario	25	267.667040663680000	1.177391556786820
42	12	1559	15.09638	Maiz (anual)	1	NO	0	0	0	2.23	Terciario	10	271.440310024596000	0.350717668283797
42	13	1561	22.95712	Maiz (anual)	1	NO	0	0	0	2.23	Terciario	10	46.097299647481700	0.941574622800842
35	2	1171	3.07557	Achicoria (2° año)	2	NO	0.29	0.29	0.29	0.29	Primario	25	182.754206753497000	0.799087917804718
35	3	1172	16.24283	Achicoria (2° año)	2	NO	0.29	0.29	0.29	0.29	Primario	25	194.929446383118000	1.443965181708340
35	5	1176	12.59284	FE+TB+L (2° año)	2	NO	0.29	0.29	0.29	0.29	Secundario	15	503.267059255179000	0.445259532310824
35	6	1178	41.14324	TR+Cebadilla (1° año)	1	NO	0.29	0.29	0.29	0.29	Terciario	10	409.093909417926000	0.922939489213302
35	7	1180	23.85681	Alfalfa (4° año)	4	NO	0.29	0.29	0.29	0.29	Secundario	15	235.479271860586000	1.828521315831590
35	8	1182	14.75229	Campo Natural	1	NO	0.06	0.06	0.06	0.06	Terciario	10	728.619805914564000	1.365760210175180
35	9	1184	9.44443	Alfalfa (1° año)	1	NO	0.29	0.29	0.29	0.29	Secundario	15	329.540337276546000	1.879574863697000
35	10	1185	14.47751	FE+TB+L (2° año)	2	NO	0.29	0.29	0.29	0.29	Secundario	15	338.842763596887000	0.452998886248038
35	12	1189	18.68737	Maiz (anual)	1	NO	0	0	0	2.23	Secundario	15	175.991560090762000	1.012218885096600
35	13	1190	9.82088	Sorgo Forrajero (anual)	1	NO	0.58	0	0	0.58	Secundario	15	319.095053594192000	0.472145658084661
35	15	1194	10.10734	FE+TB+L (3° año)	3	NO	0.29	0.29	0.29	0.29	Secundario	15	157.312411333493000	1.856442445889120
35	16	1196	3.54495	Moha (anual)	1	NO	0	0	0	1.16	Secundario	15	108.569067254285000	0.545985905906639
35	17	1197	2.31974	Achicoria (2° año)	2	NO	0.29	0.29	0.29	0.29	Primario	25	328.271913907137000	0.259101955752288
35	18	1198	7.42275	Sorgo Forrajero (anual)	1	NO	0.58	0	0	0.58	Primario	25	502.274372938341000	0.604994084461626
35	19	1199	4.36184	Sorgo Forrajero (anual)	1	NO	0.58	0	0	0.58	Primario	25	704.019048595452000	1.669546158363420
35	20	1201	4.88075	Sorgo Forrajero (anual)	1	NO	0.58	0	0	0.58	Secundario	15	72.055291959168700	2.178293424157000
17	2	443	10.53050	Alfalfa (2° año)	2	NO	0.29	0.29	0.29	0.29	Terciario	10	410.175853634517000	0.508442641785130
17	3	444	4.55333	Moha (anual)	1	NO	0	0	0	1.16	Secundario	15	280.409012996235000	1.535195690508070
17	4	445	6.97855	FE+TB+L (1° año)	1	NO	0.29	0.29	0.29	0.29	Secundario	15	430.357117692537000	0.555940970004379
17	5	446	7.55962	FE+TB+L (1° año)	1	NO	0.29	0.29	0.29	0.29	Secundario	15	330.198448510197000	0.277317214296957
17	6	447	7.23881	FE+TB+L (1° año)	1	NO	0.29	0.29	0.29	0.29	Secundario	15	240.641541933933000	0.624045573652555
17	7	449	7.05168	Maiz (anual)	1	NO	0	0	0	2.23	Secundario	15	167.522607049157000	1.329146724335760
17	8	450	3.27492	Moha (anual)	1	NO	0	0	0	1.16	Terciario	10	252.478664998760000	2.419718739148730
17	9	451	3.88731	Moha (anual)	1	NO	0	0	0	1.16	Secundario	15	128.227630405810000	0.659938808790473
17	10	452	1.98716	Sorgo Forrajero (anual)	1	NO	0.58	0	0	0.58	Secundario	15	95.027629285747200	0.733673212968785
17	11	454	3.07034	Alfalfa (4° año)	4	NO	0.29	0.29	0.29	0.29	Terciario	10	7.500594832523680	1.450257523570740
17	13	457	2.50331	Alfalfa (4° año)	4	NO	0.29	0.29	0.29	0.29	Terciario	10	159.176595840524000	2.190694740840370
17	14	458	0.83095	TR+TB+Raigrás (1° año)	1	NO	0.29	0.29	0.29	0.29	Terciario	10	265.216433867484000	0.553329767452346
17	15	460	8.15160	Sorgo Forrajero (anual)	1	NO	0.58	0	0	0.58	Terciario	10	71.332309280178000	0.540476360875699
17	16	462	34.29361	Sorgo Forrajero (anual)	1	NO	0.58	0	0	0.58	Terciario	10	545.452511361698000	1.203319241988820
17	17	464	4.97060	FE+TB+L (2° año)	2	NO	0.29	0.29	0.29	0.29	Terciario	10	59.354488088203600	1.219317448681050
17	18	466	4.41144	Sorgo Forrajero (anual)	1	NO	0.58	0	0	0.58	Terciario	10	67.331676380220200	1.834300501346590
17	22	472	17.60478	Maiz (anual)	1	NO	0	0	0	2.23	Terciario	10	212.968845882845000	0.881611108193694
17	23	474	9.49278	Maiz (anual)	1	NO	0	0	0	2.23	Secundario	15	576.933282560675000	1.147870825460320
17	24	476	15.15023	FE+TB+L (3° año)	3	NO	0.29	0.29	0.29	0.29	Terciario	10	235.683934812088000	1.230554258114240
17	25	478	15.44187	Sorgo Forrajero (anual)	1	NO	0.58	0	0	0.58	Terciario	10	827.726349296860000	1.152761422790760
17	26	479	7.76493	FE+TB+L (4° año)	4	NO	0.29	0.29	0.29	0.29	Terciario	10	346.332136709006000	0.298734533665485
17	27	481	7.01921	FE+TB+L (4° año)	4	NO	0.29	0.29	0.29	0.29	Terciario	10	95.003466142591600	1.132790801998900
17	28	482	5.22575	FE+TB+L (2° año)	2	NO	0.29	0.29	0.29	0.29	Terciario	10	209.636155052464000	0.769829566802895
14	2	342	14.85947	Sorgo Forrajero (anual)	1	NO	0.58	0	0	0.58	Secundario	15	168.121221874584000	0.934225941996700
14	4	345	6.56339	Campo Natural	1	NO	0.06	0.06	0.06	0.06	Secundario	15	45.783906777803300	1.278225558499500
14	5	346	8.26460	Sorgo Forrajero (anual)	1	NO	0.58	0	0	0.58	Secundario	15	121.961928158702000	1.946778238518160
14	6	348	4.18311	Raigrás+TB+L (2° año)	2	NO	0.29	0.29	0.29	0.29	Secundario	15	8.432482128663820	1.634499430325300
14	7	350	18.60155	Alfalfa (3° año)	3	NO	0.29	0.29	0.29	0.29	Terciario	10	47.576007538868500	0.724234901006939
14	8	352	7.65088	Alfalfa (1° año)	1	NO	0.29	0.29	0.29	0.29	Secundario	15	106.640269575049000	0.972550317645073
14	9	354	4.04886	Alfalfa (1° año)	1	NO	0.29	0.29	0.29	0.29	Terciario	10	17.723725845835900	1.435277092787960
14	10	356	4.73746	Sorgo Forrajero (anual)	1	NO	0.58	0	0	0.58	Terciario	10	49.212800230544100	0.685448741821467
14	12	359	3.64181	Maiz (anual)	1	NO	0	0	0	2.23	Secundario	15	40.794796377865000	1.468914514309480
14	13	361	5.80187	Maiz (anual)	1	NO	0	0	0	2.23	Secundario	15	163.399652165328000	1.504207913171160
14	14	363	10.96105	Sorgo Forrajero (anual)	1	NO	0.58	0	0	0.58	Secundario	15	329.993052040918000	1.596744471043350
14	15	365	10.92205	Maiz (anual)	1	NO	0	0	0	2.23	Terciario	10	211.484497597083000	0.419689795903621
14	16	366	17.50248	Sorgo Forrajero (anual)	1	NO	0.58	0	0	0.58	Terciario	10	220.787040307590000	0.691065054186262
14	17	367	14.98616	FE+TB+L (2° año)	2	NO	0.29	0.29	0.29	0.29	Terciario	10	314.186743765080000	0.607480693939169
14	18	369	6.20355	TR+Cebadilla (1° año)	1	NO	0.29	0.29	0.29	0.29	Terciario	10	8.228639690839880	0.170185706362236
14	19	371	9.38560	TR+Cebadilla (1° año)	1	NO	0.29	0.29	0.29	0.29	Terciario	10	223.210018822595000	1.758162261088300
14	20	373	8.12116	Raigrás+TB+L (2° año)	2	NO	0.29	0.29	0.29	0.29	Secundario	15	45.233892188170900	1.154776744006840
14	21	374	17.85789	Maiz (anual)	1	NO	0	0	0	2.23	Terciario	10	388.616160253791000	1.280409827121560
25	2	735	11.75820	FE+TB+L (1° año)	1	NO	0.29	0.29	0.29	0.29	Terciario	10	51.137720992096100	0.998605813224320
25	3	737	3.08370	Moha (anual)	1	NO	0	0	0	1.16	Terciario	10	71.642652264934200	0.622220578293006
25	4	739	6.57878	Alfalfa (1° año)	1	NO	0.29	0.29	0.29	0.29	Terciario	10	165.742960344132000	1.432989013572670
25	6	742	15.88439	FE+TB+L (4° año)	4	NO	0.29	0.29	0.29	0.29	Terciario	10	1192.190987898780000	1.301300400349480
25	7	744	10.60702	Sorgo Forrajero (anual)	1	NO	0.58	0	0	0.58	Terciario	10	925.588946219595000	1.656487319780430
25	8	746	3.70767	Sorgo Forrajero (anual)	1	NO	0.58	0	0	0.58	Terciario	10	730.433441050868000	0.487325608094291
25	9	748	5.81680	Raigrás+TB+L (3° año)	3	NO	0.29	0.29	0.29	0.29	Terciario	10	180.351851610298000	1.823888921025970
25	10	750	3.63768	Sorgo Forrajero (anual)	1	NO	0.58	0	0	0.58	Terciario	10	54.786374458923600	0.910684015299823
25	11	751	4.43802	Raigrás+TB+L (3° año)	3	NO	0.29	0.29	0.29	0.29	Terciario	10	193.927248331995000	0.567358743972503
25	12	753	2.28146	Raigrás+TB+L (2° año)	2	NO	0.29	0.29	0.29	0.29	Terciario	10	275.389227611614000	0.114649274647236
25	13	755	6.60815	FE+TB+L (1° año)	1	NO	0.29	0.29	0.29	0.29	Terciario	10	406.492022680094000	0.386331187730486
25	14	757	2.28023	FE+TB+L (1° año)	1	NO	0.29	0.29	0.29	0.29	Terciario	10	351.437931800978000	1.947048101042000
25	15	759	3.17231	FE+TB+L (1° año)	1	NO	0.29	0.29	0.29	0.29	Terciario	10	482.028325433869000	1.767601480989750
25	16	761	2.05918	Raigrás+TB+L (2° año)	2	NO	0.29	0.29	0.29	0.29	Terciario	10	240.060129652989000	0.052643385094901
25	17	762	2.50044	Raigrás+TB+L (2° año)	2	NO	0.29	0.29	0.29	0.29	Secundario	15	373.110103150449000	0.124534762154023
25	18	764	2.18700	Raigrás+TB+L (2° año)	2	NO	0.29	0.29	0.29	0.29	Terciario	10	187.374973355046000	0.156051973103667
25	19	766	24.57920	Raigrás+TB+L (1° año)	1	NO	0.29	0.29	0.29	0.29	Terciario	10	73.176637680757000	0.699384846854681
25	20	768	9.18871	TR+TB+Raigrás (1° año)	1	NO	0.29	0.29	0.29	0.29	Terciario	10	545.517448816258000	1.147277730821380
25	21	769	1.35339	Raigrás+TB+L (2° año)	2	NO	0.29	0.29	0.29	0.29	Terciario	10	197.764766377613000	0.485580931816782
25	22	771	8.67943	Sorgo Forrajero (anual)	1	NO	0.58	0	0	0.58	Secundario	15	229.315636045519000	1.459056997878680
25	23	772	13.09019	FE+TB+L (3° año)	3	NO	0.29	0.29	0.29	0.29	Secundario	15	262.842942950035000	1.259769815122330
25	25	776	7.46239	Campo Natural	1	NO	0.06	0.06	0.06	0.06	Secundario	15	127.897284626434000	2.322784604934550
02	2	5	14.94914	Alfalfa (2° año)	2	NO	0.29	0.29	0.29	0.29	Primario	25	1243.134634499890000	1.019278180188760
02	3	7	3.05692	Alfalfa (3° año)	3	NO	0.29	0.29	0.29	0.29	Primario	25	1614.435931025550000	0.550124809145927
02	4	9	6.25981	FE+TB+L (1° año)	1	NO	0.29	0.29	0.29	0.29	Primario	25	1060.796217672050000	0.421718079542768
02	5	11	10.19906	Maiz (anual)	1	NO	0	0	0	2.23	Primario	25	788.787021068651000	0.527111457644014
02	6	12	13.40197	Sorgo Forrajero (anual)	1	NO	0.58	0	0	0.58	Primario	25	1483.009063831750000	0.920059900755850
02	7	13	10.02201	Sorgo Forrajero (anual)	1	NO	0.58	0	0	0.58	Primario	25	1275.820444628560000	1.641395450327080
02	8	14	6.02542	FE+TB+L (2° año)	2	NO	0.29	0.29	0.29	0.29	Primario	25	1392.023700832370000	2.021725566323960
02	9	16	1.79791	Moha (anual)	1	NO	0	0	0	1.16	Primario	25	1490.520795779410000	1.858401815096540
02	10	18	1.95832	Moha (anual)	1	NO	0	0	0	1.16	Primario	25	1404.566452959370000	1.705996010614480
21	9	619	19.11002	Alfalfa (2° año)	2	NO	0.29	0.29	0.29	0.29	Secundario	15	378.712506878217000	0.598034459113512
21	10	621	17.08530	FE+TB+L (2° año)	2	NO	0.29	0.29	0.29	0.29	Secundario	15	114.323491826445000	1.101401264941880
21	11	623	7.21920	FE+TB+L (2° año)	2	NO	0.29	0.29	0.29	0.29	Secundario	15	8.894054752666740	0.371783102138175
26	25	824	3.98171	Campo Natural	1	NO	0.06	0.06	0.06	0.06	Primario	25	207.049300704677000	0.647981616922400
26	26	825	4.17156	TR+TB+Raigrás (2°año)	2	NO	0.29	0.29	0.29	0.29	Primario	25	260.244420707628000	0.792865738920543
26	27	826	8.97378	Sorgo Forrajero (anual)	1	NO	0.58	0	0	0.58	Primario	25	487.981569396667000	2.342949552516830
28	3	867	15.56732	Maiz (anual)	1	NO	0	0	0	2.23	Primario	25	745.742283359827000	2.175340043621900
28	4	869	10.27818	TR+Cebadilla (1° año)	1	NO	0.29	0.29	0.29	0.29	Primario	25	661.923605211306000	0.585926721111322
28	5	871	25.91230	FE+TB+L (4° año)	4	NO	0.29	0.29	0.29	0.29	Primario	25	236.497731683966000	1.130945814632140
28	6	873	13.08428	Maiz (anual)	1	NO	0	0	0	2.23	Primario	25	537.097110880915000	0.614786504678530
28	7	875	4.73792	Sorgo Forrajero (anual)	1	NO	0.58	0	0	0.58	Primario	25	169.997495071231000	1.114219790255580
28	8	876	5.12834	Alfalfa (2° año)	2	NO	0.29	0.29	0.29	0.29	Primario	25	585.483618065075000	0.514231258205005
28	10	880	32.06563	TR+Cebadilla (1° año)	1	NO	0.29	0.29	0.29	0.29	Primario	25	287.209233862928000	0.759878439535753
28	12	883	21.58888	TR+Cebadilla (2° año)	2	NO	0.29	0.29	0.29	0.29	Terciario	10	151.457619205520000	0.288472590336869
28	13	884	23.06779	Sorgo Forrajero (anual)	1	NO	0.58	0	0	0.58	Primario	25	983.340523992252000	0.985899011714055
28	14	885	11.50592	Sorgo Forrajero (anual)	1	NO	0.58	0	0	0.58	Primario	25	1173.672488393570000	0.907336264762074
28	15	887	22.35430	Alfalfa (4° año)	4	NO	0.29	0.29	0.29	0.29	Terciario	10	0.812546006050771	0.807109669948799
28	16	889	11.40466	Alfalfa (4° año)	4	NO	0.29	0.29	0.29	0.29	Secundario	15	1052.603980513260000	1.133560290560130
28	18	892	11.24973	Raigrás+TB+L (3° año)	3	NO	0.29	0.29	0.29	0.29	Terciario	10	208.432379635891000	0.829444823507953
28	19	894	10.23311	FE+TB+L (2° año)	2	NO	0.29	0.29	0.29	0.29	Terciario	10	132.101377871281000	1.479058661631180
28	20	896	12.00490	FE+TB+L (3° año)	3	NO	0.29	0.29	0.29	0.29	Terciario	10	621.251120971124000	0.730182255625277
28	21	898	12.59090	Moha (anual)	1	NO	0	0	0	1.16	Terciario	10	428.333168466847000	0.217852361553865
28	23	901	6.63368	FE+TB+L (1° año)	1	NO	0.29	0.29	0.29	0.29	Terciario	10	372.179659845842000	0.373694648362092
28	25	904	10.29009	FE+TB+L (2° año)	2	NO	0.29	0.29	0.29	0.29	Terciario	10	149.888673710586000	0.681672615363546
37	2	1262	57.04044	TR+TB+Raigrás (1° año)	1	NO	0.29	0.29	0.29	0.29	Secundario	15	463.264128150528000	1.590459045037460
37	3	1263	19.16728	Sorgo Forrajero (anual)	1	NO	0.58	0	0	0.58	Secundario	15	341.498785227035000	1.361134114517080
37	4	1265	18.51026	FE+TB+L (3° año)	3	NO	0.29	0.29	0.29	0.29	Secundario	15	24.673885098314000	1.257959532867940
37	5	1267	30.49788	FE+TB+L (1° año)	1	NO	0.29	0.29	0.29	0.29	Secundario	15	1134.469725946710000	0.693002900574356
37	9	1275	26.72215	Alfalfa (2° año)	2	NO	0.29	0.29	0.29	0.29	Terciario	10	741.662218793133000	0.851764352036019
37	11	1279	24.78925	Alfalfa (4° año)	4	NO	0.29	0.29	0.29	0.29	Primario	25	467.602454213404000	1.037389886009390
37	12	1280	6.02919	Moha (anual)	1	NO	0	0	0	1.16	Terciario	10	162.610253732138000	0.405711019976121
37	13	1281	10.64380	Lotus Puro (3° año)	3	NO	0.29	0.29	0.29	0.29	Primario	25	898.890776688344000	0.884595970177099
37	16	1286	19.39528	Campo Natural	1	NO	0.06	0.06	0.06	0.06	Primario	25	390.355393639842000	1.014149865773920
37	17	1288	15.93789	Maiz (anual)	1	NO	0	0	0	2.23	Primario	25	607.341911508264000	1.550959185527810
37	20	1293	23.28356	FE+TB+L (1° año)	1	NO	0.29	0.29	0.29	0.29	Secundario	15	348.034436450551000	1.349375844204700
37	21	1295	13.37745	FE+TB+L (3° año)	3	NO	0.29	0.29	0.29	0.29	Primario	25	219.027577350024000	0.739259622220335
37	23	1299	21.44602	Sorgo Forrajero (anual)	1	NO	0.58	0	0	0.58	Terciario	10	261.750375595934000	0.725207076029126
37	25	1303	5.03997	TR+Cebadilla (1° año)	1	NO	0.29	0.29	0.29	0.29	Terciario	10	525.799841459338000	0.590566541327805
37	26	1305	11.68697	Sorgo Forrajero (anual)	1	NO	0.58	0	0	0.58	Secundario	15	26.259121045186000	1.227661945973520
37	27	1307	6.05466	FE+TB+L (2° año)	2	NO	0.29	0.29	0.29	0.29	Secundario	15	58.612617927259300	1.542405573354250
37	28	1308	4.83808	FE+TB+L (4° año)	4	NO	0.29	0.29	0.29	0.29	Terciario	10	429.448197722245000	0.764291392495999
37	29	1310	4.79362	TR+Cebadilla (1° año)	1	NO	0.29	0.29	0.29	0.29	Terciario	10	313.940724404732000	0.505455512840014
10	16	220	4.55278	Alfalfa (1° año)	1	NO	0.29	0.29	0.29	0.29	Primario	25	475.399604802535000	1.876594394445420
10	17	222	9.31049	Campo Natural	1	NO	0.06	0.06	0.06	0.06	Primario	25	189.906398268479000	1.481319572957390
10	18	224	20.92606	FE+TB+L (3° año)	3	NO	0.29	0.29	0.29	0.29	Primario	25	220.297707665084000	0.813994942045518
21	12	625	10.49772	FE+TB+L (4° año)	4	NO	0.29	0.29	0.29	0.29	Primario	25	16.280565316671400	0.899041442074261
16	23	434	8.41135	Campo Natural	1	NO	0.06	0.06	0.06	0.06	Primario	25	155.050068922335000	1.087282590733630
32	26	1067	2.26067	Campo Natural	1	NO	0.06	0.06	0.06	0.06	Terciario	10	85.633708088389100	1.499487441319690
16	25	438	8.92513	Campo Natural	1	NO	0.06	0.06	0.06	0.06	Primario	25	114.810503524464000	1.509204775863090
11	20	259	4.14971	TR+TB+Raigrás (1° año)	1	NO	0.29	0.29	0.29	0.29	Primario	25	244.742435298791000	1.162990285002670
40	21	1489	17.65784	FE+TB+L (4° año)	4	NO	0.29	0.29	0.29	0.29	Primario	25	946.428226319617000	1.568402584389940
39	49	1433	8.40113	Moha (anual)	1	NO	0	0	0	1.16	Secundario	15	243.513890123364000	1.537806134161200
39	50	1435	6.19708	Campo Natural	1	NO	0.06	0.06	0.06	0.06	Secundario	15	48.949679522463400	1.528165528739710
19	19	544	7.93617	Moha (anual)	1	NO	0	0	0	1.16	Secundario	15	478.260168036180000	0.381303798664233
19	20	545	5.93187	Moha (anual)	1	NO	0	0	0	1.16	Secundario	15	790.353180871033000	0.374591087148740
36	14	1242	12.45525	Maiz (anual)	1	NO	0	0	0	2.23	Terciario	10	309.483133485409000	1.259155804686470
38	20	1353	12.71219	FE+TB+L (2° año)	2	NO	0.29	0.29	0.29	0.29	Secundario	15	218.548190508628000	1.372652278714620
38	21	1355	17.77712	Sorgo Forrajero (anual)	1	NO	0.58	0	0	0.58	Terciario	10	158.661169300823000	0.838380626484829
10	19	225	13.44206	Campo Natural	1	NO	0.06	0.06	0.06	0.06	Primario	25	470.568407987313000	0.786562275566511
34	22	1154	2.54475	Campo Natural	1	NO	0.06	0.06	0.06	0.06	Secundario	15	273.888712443206000	1.100863463348810
34	24	1157	12.35881	Sorgo Forrajero (anual)	1	NO	0.58	0	0	0.58	Terciario	10	574.337689249877000	1.336682054864100
15	9	393	4.40572	Achicoria (1° año)	1	NO	0.29	0.29	0.29	0.29	Primario	25	372.842208774480000	1.105287324016290
41	6	1520	16.67179	Sorgo Forrajero (anual)	1	NO	0.58	0	0	0.58	Terciario	10	247.575060653295000	1.384138975087760
41	7	1522	9.23625	Sorgo Forrajero (anual)	1	NO	0.58	0	0	0.58	Terciario	10	117.787129362910000	1.713202957764710
41	8	1523	18.98898	Maiz (anual)	1	NO	0	0	0	2.23	Terciario	10	546.539615549225000	0.902728287670850
30	4	980	30.38905	Sorgo Forrajero (anual)	1	NO	0.58	0	0	0.58	Secundario	15	53.779525479527200	1.027613763708530
30	5	981	15.90557	Sorgo Forrajero (anual)	1	NO	0.58	0	0	0.58	Primario	25	308.892312052173000	1.323040614452430
30	6	983	9.96950	Maiz (anual)	1	NO	0	0	0	2.23	Secundario	15	44.280480938401500	2.335273104208010
30	8	987	19.60878	Sorgo Forrajero (anual)	1	NO	0.58	0	0	0.58	Primario	25	357.089448292248000	1.221136074339120
30	9	989	46.70381	Sorgo Forrajero (anual)	1	NO	0.58	0	0	0.58	Primario	25	518.346441711008000	1.127443189226850
18	6	498	37.19795	Maiz (anual)	1	NO	0	0	0	2.23	Secundario	15	197.594143475603000	1.195803306108240
18	7	500	4.53572	Maiz (anual)	1	NO	0	0	0	2.23	Terciario	10	70.543151670786400	1.157281124591830
18	8	502	17.15157	Maiz (anual)	1	NO	0	0	0	2.23	Secundario	15	560.351127447067000	0.906412038517817
18	9	504	29.89632	Maiz (anual)	1	NO	0	0	0	2.23	Secundario	15	253.110169596975000	1.077044677364120
36	15	1244	38.14454	Maiz (anual)	1	NO	0	0	0	2.23	Terciario	10	137.049256139887000	1.232374257840320
12	16	290	16.23267	Alfalfa (2° año)	2	NO	0.29	0.29	0.29	0.29	Terciario	10	227.565771421234000	1.669664163225230
36	16	1246	10.58385	FE+TB+L (4° año)	4	NO	0.29	0.29	0.29	0.29	Secundario	15	160.080374416611000	0.870540406093125
36	17	1247	5.44191	Raigrás+TB+L (3° año)	3	NO	0.29	0.29	0.29	0.29	Secundario	15	205.928241629781000	1.334021185674980
36	18	1248	3.66144	TR+Cebadilla (1° año)	1	NO	0.29	0.29	0.29	0.29	Secundario	15	71.861780033376000	1.854205566483580
25	26	778	4.59142	Raigrás+TB+L (2° año)	2	NO	0.29	0.29	0.29	0.29	Secundario	15	222.628623156281000	0.478576837564414
25	27	779	5.70257	Raigrás+TB+L (2° año)	2	NO	0.29	0.29	0.29	0.29	Terciario	10	262.804276362023000	0.223752101621358
25	28	780	4.47117	Raigrás+TB+L (2° año)	2	NO	0.29	0.29	0.29	0.29	Terciario	10	230.394782953423000	0.260360442101955
25	29	782	7.16956	Alfalfa (4° año)	4	NO	0.29	0.29	0.29	0.29	Terciario	10	268.400919208389000	0.436873738254820
25	30	783	0.85744	Achicoria (1° año)	1	NO	0.29	0.29	0.29	0.29	Terciario	10	338.929464382196000	0.500679260492325
25	31	784	2.83167	Alfalfa (4° año)	4	NO	0.29	0.29	0.29	0.29	Terciario	10	371.390799157387000	0.338671034484199
25	32	786	4.18170	Alfalfa (4° año)	4	NO	0.29	0.29	0.29	0.29	Terciario	10	397.801384821041000	0.495154789932396
25	33	788	10.15553	Alfalfa (2° año)	2	NO	0.29	0.29	0.29	0.29	Terciario	10	760.047216015820000	0.724109600622406
25	34	789	5.88365	FE+TB+L (1° año)	1	NO	0.29	0.29	0.29	0.29	Terciario	10	1015.160173947900000	0.713011438055680
38	22	1357	4.44190	TR+Cebadilla (2° año)	2	NO	0.29	0.29	0.29	0.29	Primario	25	112.676808002474000	1.218997427877390
38	24	1359	6.25783	Sorgo Forrajero (anual)	1	NO	0.58	0	0	0.58	Primario	25	684.302353113862000	0.493363151167120
42	14	1562	8.70082	Sorgo Forrajero (anual)	1	NO	0.58	0	0	0.58	Terciario	10	315.505072016565000	0.717565553128412
41	9	1524	18.08144	Maiz (anual)	1	NO	0	0	0	2.23	Terciario	10	794.668204285154000	0.790683246459629
41	10	1526	23.51775	Maiz (anual)	1	NO	0	0	0	2.23	Terciario	10	658.658402646378000	0.434937059097276
41	11	1528	48.98287	Maiz (anual)	1	NO	0	0	0	2.23	Secundario	15	400.493787119013000	0.764859607354190
41	12	1530	18.84552	Maiz (anual)	1	NO	0	0	0	2.23	Terciario	10	1.632470604094750	1.070800330471880
33	18	1118	18.11949	FE+TB+L (4° año)	4	NO	0.29	0.29	0.29	0.29	Primario	25	304.795506317078000	1.703628701120620
06	8	109	13.09707	Alfalfa (1° año)	1	NO	0.29	0.29	0.29	0.29	Primario	25	392.668326591655000	1.486847772366470
06	10	113	14.45619	Alfalfa (2° año)	2	NO	0.29	0.29	0.29	0.29	Primario	25	962.692990461833000	0.685123610258834
13	18	330	3.44663	Campo Natural	1	NO	0.06	0.06	0.06	0.06	Primario	25	658.384147854388000	0.886218997992967
20	28	600	8.30451	FE+TB+L (1° año)	1	NO	0.29	0.29	0.29	0.29	Primario	25	469.469389495724000	0.630646122262833
16	27	441	11.90762	FE+TB+L (1° año)	1	NO	0.29	0.29	0.29	0.29	Secundario	15	376.604064089904000	0.134449701651986
39	52	1438	4.36651	Alfalfa (4° año)	4	NO	0.29	0.29	0.29	0.29	Secundario	15	96.358289058448200	1.290028786172670
18	10	506	3.37268	Campo Natural	1	NO	0.06	0.06	0.06	0.06	Secundario	15	71.892315805451700	2.304037001572160
18	11	508	24.81271	Maiz (anual)	1	NO	0	0	0	2.23	Secundario	15	270.795874044934000	0.955102915260336
15	10	395	6.58823	Campo Natural	1	NO	0.06	0.06	0.06	0.06	Primario	25	2.544205141718430	2.020137662092840
04	7	55	16.34525	Moha (anual)	1	NO	0	0	0	1.16	Primario	25	194.165301397276000	2.686318507499020
04	8	57	10.19312	FE+TB+L (2° año)	2	NO	0.29	0.29	0.29	0.29	Primario	25	244.968122300239000	2.863462821676810
31	10	1020	22.64117	FE+TB+L (4° año)	4	NO	0.29	0.29	0.29	0.29	Primario	25	363.140620312752000	1.958777707430620
31	11	1022	31.61834	Campo Natural	1	NO	0.06	0.06	0.06	0.06	Primario	25	15.256993489959600	2.644776755654150
30	10	991	52.18414	Sorgo Forrajero (anual)	1	NO	0.58	0	0	0.58	Secundario	15	107.196886103609000	1.370651448410700
11	21	260	8.57660	Sorgo Forrajero (anual)	1	NO	0.58	0	0	0.58	Primario	25	384.076072077004000	0.960555197024832
30	12	995	6.52116	Sorgo Forrajero (anual)	1	NO	0.58	0	0	0.58	Secundario	15	93.427652858168100	1.308394375869210
18	12	510	3.84520	Campo Natural	1	NO	0.06	0.06	0.06	0.06	Terciario	10	18.537844822842300	0.457138095237315
39	54	1440	6.87261	TR+TB+Raigrás (1° año)	1	NO	0.29	0.29	0.29	0.29	Terciario	10	464.888663199143000	2.144731116138010
05	28	94	3.24176	Campo Natural	1	NO	0.06	0.06	0.06	0.06	Terciario	10	732.253689309285000	1.674391772295980
07	15	145	1.73855	TR+TB+Raigrás (1° año)	1	NO	0.29	0.29	0.29	0.29	Terciario	10	77.022505819590500	0.379501677657429
14	23	377	16.87327	FE+TB+L (2° año)	2	NO	0.29	0.29	0.29	0.29	Secundario	15	204.122994516306000	0.767937030409175
03	12	41	14.97250	Campo Natural	1	NO	0.06	0.06	0.06	0.06	Primario	25	155.989004825793000	0.767008700815147
06	11	115	1.24398	Raigrás+TB+L (2° año)	2	NO	0.29	0.29	0.29	0.29	Primario	25	106.491972260931000	0.695601207869394
06	13	118	26.52247	Campo Natural	1	NO	0.06	0.06	0.06	0.06	Primario	25	291.378231499277000	0.785747120376388
34	25	1159	4.35843	Campo Natural	1	NO	0.06	0.06	0.06	0.06	Secundario	15	1.934157328884180	1.910573989761120
34	26	1161	10.51351	Sorgo Forrajero (anual)	1	NO	0.58	0	0	0.58	Terciario	10	160.350507676716000	1.597976078926510
12	17	292	7.13100	FE+TB+L (3° año)	3	NO	0.29	0.29	0.29	0.29	Terciario	10	98.163049462334500	1.726129891723390
40	24	1493	29.18222	FE+TB+L (2° año)	2	NO	0.29	0.29	0.29	0.29	Secundario	15	309.450773823601000	1.803815459723660
40	25	1495	33.83092	FE+TB+L (3° año)	3	NO	0.29	0.29	0.29	0.29	Secundario	15	13.170954921766000	2.180637818671040
19	22	548	11.73032	Sorgo Forrajero (anual)	1	NO	0.58	0	0	0.58	Secundario	15	234.824619036281000	1.811403523192150
19	23	550	39.67479	Maiz (anual)	1	NO	0	0	0	2.23	Secundario	15	525.120575259655000	0.589544401722610
18	13	512	27.76654	Maiz (anual)	1	NO	0	0	0	2.23	Secundario	15	290.837963684063000	1.372885500265940
07	16	147	10.41269	Sorgo Forrajero (anual)	1	NO	0.58	0	0	0.58	Terciario	10	1143.387496822870000	0.702554724808050
32	29	1072	12.80736	Maiz (anual)	1	NO	0	0	0	2.23	Terciario	10	83.348546692175300	1.049457479700230
32	31	1076	5.67493	Sorgo Forrajero (anual)	1	NO	0.58	0	0	0.58	Primario	25	135.322916630891000	0.801802850160442
10	21	228	3.51086	Alfalfa (4° año)	4	NO	0.29	0.29	0.29	0.29	Primario	25	118.756263680585000	1.217689921727050
11	23	262	8.15957	Sorgo Forrajero (anual)	1	NO	0.58	0	0	0.58	Secundario	15	149.727910957094000	1.240468071685990
23	17	680	11.52886	Raigrás+TB+L (3° año)	3	NO	0.29	0.29	0.29	0.29	Terciario	10	319.065095845637000	1.047962103649730
23	18	682	6.41452	TR+Cebadilla (1° año)	1	NO	0.29	0.29	0.29	0.29	Secundario	15	126.236567256941000	2.821710429545760
13	21	334	10.20493	Maiz (anual)	1	NO	0	0	0	2.23	Terciario	10	871.827912435304000	0.952462663692711
42	16	1566	21.62116	Maiz (anual)	1	NO	0	0	0	2.23	Secundario	15	316.407463770396000	1.324967892281320
42	17	1568	20.67671	Maiz (anual)	1	NO	0	0	0	2.23	Secundario	15	608.319841661876000	1.322060683250300
42	18	1570	22.88297	Maiz (anual)	1	NO	0	0	0	2.23	Secundario	15	11.481384400313400	1.219948691641000
42	19	1571	23.56833	Sorgo Forrajero (anual)	1	NO	0.58	0	0	0.58	Primario	25	476.750079813807000	1.824034280358600
35	23	1206	26.88236	Alfalfa (4° año)	4	NO	0.29	0.29	0.29	0.29	Secundario	15	445.821662405405000	1.963957748657110
41	14	1533	17.82105	Maiz (anual)	1	NO	0	0	0	2.23	Terciario	10	317.123992014806000	1.580524110627660
40	27	1499	11.82526	Campo Natural	1	NO	0.06	0.06	0.06	0.06	Primario	25	1191.521542335600000	1.898487752112820
13	22	336	21.00061	Sorgo Forrajero (anual)	1	NO	0.58	0	0	0.58	Secundario	15	150.917067359476000	1.102617952863540
13	23	337	5.90624	FE+TB+L (3° año)	3	NO	0.29	0.29	0.29	0.29	Secundario	15	695.794633092676000	1.523288164287810
34	28	1165	17.92091	Sorgo Forrajero (anual)	1	NO	0.58	0	0	0.58	Secundario	15	308.852121743774000	1.989214475866000
34	29	1166	7.58880	Achicoria (2° año)	2	NO	0.29	0.29	0.29	0.29	Terciario	10	297.731689418121000	1.130182477069040
34	30	1168	24.70142	FE+TB+L (1° año)	1	NO	0.29	0.29	0.29	0.29	Terciario	10	23.585097234222600	1.980911491383960
12	18	293	12.95644	Sorgo Forrajero (anual)	1	NO	0.58	0	0	0.58	Terciario	10	331.715279962237000	1.386259454322030
12	19	294	9.88776	FE+TB+L (3° año)	3	NO	0.29	0.29	0.29	0.29	Cuaternario	10	430.826539429776000	0.602055662658743
31	12	1024	10.71848	Sorgo Forrajero (anual)	1	NO	0.58	0	0	0.58	Secundario	15	336.023735183012000	1.842759338648700
15	11	397	53.76814	Maiz (anual)	1	NO	0	0	0	2.23	Secundario	15	285.476594809377000	1.471831318584820
15	12	399	31.44270	FE+TB+L (2° año)	2	NO	0.29	0.29	0.29	0.29	Primario	25	577.735423168334000	2.144525256113440
22	15	655	16.26877	Alfalfa (3° año)	3	NO	0.29	0.29	0.29	0.29	Secundario	15	184.672963458413000	1.939815543471160
12	20	296	4.34442	Achicoria (1° año)	1	NO	0.29	0.29	0.29	0.29	Terciario	10	226.654329096149000	2.296850916147230
12	21	298	6.31391	Sorgo Forrajero (anual)	1	NO	0.58	0	0	0.58	Terciario	10	245.285719515908000	1.350222506983710
18	15	516	8.17142	Alfalfa (2° año)	2	NO	0.29	0.29	0.29	0.29	Primario	25	3.170021098274600	1.317191836494270
18	16	518	15.60301	Moha (anual)	1	NO	0	0	0	1.16	Secundario	15	360.901049230852000	1.116140634982900
18	17	520	6.01773	Moha (anual)	1	NO	0	0	0	1.16	Secundario	15	715.531947322342000	1.376278875882810
40	28	1501	6.69380	FE+TB+L (4° año)	4	NO	0.29	0.29	0.29	0.29	Primario	25	27.509040341817600	0.845256587098304
36	19	1250	24.21000	FE+TB+L (3° año)	3	NO	0.29	0.29	0.29	0.29	Terciario	10	250.607250362315000	0.927638868140357
36	20	1251	2.77818	Moha (anual)	1	NO	0	0	0	1.16	Terciario	10	124.244525776258000	1.522066940863930
36	21	1253	11.53598	FE+TB+L (3° año)	3	NO	0.29	0.29	0.29	0.29	Terciario	10	106.613464868167000	1.767106932543570
36	22	1254	10.08353	Alfalfa (1° año)	1	NO	0.29	0.29	0.29	0.29	Secundario	15	443.001017538224000	1.323968517394470
36	23	1256	21.50134	Sorgo Forrajero (anual)	1	NO	0.58	0	0	0.58	Terciario	10	253.233970372463000	1.526511309451110
36	24	1258	2.40115	Campo Natural	1	NO	0.06	0.06	0.06	0.06	Secundario	15	55.103600615552300	1.296185451745990
19	24	552	6.83033	Raigrás+TB+L (2° año)	2	NO	0.29	0.29	0.29	0.29	Secundario	15	491.574257969711000	1.516481608926480
19	25	553	11.06088	Raigrás+TB+L (2° año)	2	NO	0.29	0.29	0.29	0.29	Secundario	15	275.708204954790000	1.261153088413120
39	55	1441	3.05672	FE+TB+L (4° año)	4	NO	0.29	0.29	0.29	0.29	Secundario	15	249.334891731265000	1.834850039212930
39	56	1443	4.74395	FE+TB+L (2° año)	2	NO	0.29	0.29	0.29	0.29	Secundario	15	40.894372067933000	1.403451927292810
29	27	954	16.57101	Sorgo Forrajero (anual)	1	NO	0.58	0	0	0.58	Secundario	15	126.283748014705000	1.308090687919690
29	29	958	11.20853	TR+Cebadilla (1° año)	1	NO	0.29	0.29	0.29	0.29	Secundario	15	11.979223374304600	0.514885504884044
35	24	1207	6.17008	Sorgo Forrajero (anual)	1	NO	0.58	0	0	0.58	Secundario	15	313.876365608631000	0.752804588578228
29	30	960	54.85379	Maiz (anual)	1	NO	0	0	0	2.23	Primario	25	251.944853945403000	0.896084650373850
37	31	1313	18.71037	Maiz (anual)	1	NO	0	0	0	2.23	Primario	25	725.896908448703000	0.513299743467715
37	32	1314	28.47168	Maiz (anual)	1	NO	0	0	0	2.23	Secundario	15	235.880929377271000	1.406226980766860
32	34	1082	17.79688	FE+TB+L (3° año)	3	NO	0.29	0.29	0.29	0.29	Secundario	15	17.484468456348000	1.165431486735790
32	35	1083	11.09633	Sorgo Forrajero (anual)	1	NO	0.58	0	0	0.58	Secundario	15	119.369633534571000	1.001980414271360
32	36	1085	12.40357	Sorgo Forrajero (anual)	1	NO	0.58	0	0	0.58	Secundario	15	63.201328169276500	1.021517874190100
10	22	229	6.19650	Alfalfa (2° año)	2	NO	0.29	0.29	0.29	0.29	Primario	25	498.784286107617000	0.372441773720754
10	23	230	2.46890	Moha (anual)	1	NO	0	0	0	1.16	Primario	25	743.000214928148000	0.235106410533190
21	13	626	20.86926	Sorgo Forrajero (anual)	1	NO	0.58	0	0	0.58	Secundario	15	284.368486806395000	0.513037765628480
21	14	628	11.19024	Alfalfa (4° año)	4	NO	0.29	0.29	0.29	0.29	Secundario	15	6.147525423214330	0.744840081090168
41	15	1535	2.16652	FE+TB+L (2° año)	2	NO	0.29	0.29	0.29	0.29	Terciario	10	48.063939971988900	2.471734109132190
05	31	97	1.66915	Moha (anual)	1	NO	0	0	0	1.16	Terciario	10	177.618187406930000	0.642727239155456
05	29	95	2.60172	FE+TB+L (1° año)	1	NO	0.29	0.29	0.29	0.29	Terciario	10	914.650263707389000	0.304632601362688
05	30	96	0.84562	Moha (anual)	1	NO	0	0	0	1.16	Terciario	10	616.614222887627000	0.719996518558926
29	31	962	4.00000	Campo Natural	1	NO	0.06	0.06	0.06	0.06	Terciario	10	106.514769135835000	2.426188448848930
29	32	964	5.75309	Achicoria (1° año)	1	NO	0.29	0.29	0.29	0.29	Terciario	10	311.777728760104000	1.159334718249740
29	33	966	7.97179	Achicoria (2° año)	2	NO	0.29	0.29	0.29	0.29	Terciario	10	99.277940381165900	1.741209374419570
29	35	970	7.27224	Moha (anual)	1	NO	0	0	0	1.16	Terciario	10	522.076909755930000	0.499187426454183
29	36	971	3.84269	Sorgo Forrajero (anual)	1	NO	0.58	0	0	0.58	Terciario	10	143.032227772765000	1.212920359202790
39	57	1444	6.38822	TR+TB+Raigrás (1° año)	1	NO	0.29	0.29	0.29	0.29	Terciario	10	591.685350599801000	1.945972545693320
42	21	1575	41.46947	Sorgo Forrajero (anual)	1	NO	0.58	0	0	0.58	Secundario	15	192.861607390053000	1.499287489296930
07	17	148	4.54226	TR+TB+Raigrás (2°año)	2	NO	0.29	0.29	0.29	0.29	Terciario	10	773.294728649755000	0.456617348036676
42	22	1576	2.74074	Alfalfa (3° año)	3	NO	0.29	0.29	0.29	0.29	Terciario	10	112.592886001338000	0.079637503809424
35	25	1209	21.29231	Raigrás+TB+L (2° año)	2	NO	0.29	0.29	0.29	0.29	Secundario	15	196.606181240897000	1.787668961229960
35	26	1214	9.59993	TR+Cebadilla (1° año)	1	NO	0.29	0.29	0.29	0.29	Secundario	15	119.822305950397000	2.579754968898160
35	27	1216	6.40631	Sorgo Forrajero (anual)	1	NO	0.58	0	0	0.58	Secundario	15	78.086146525863000	0.459068451801108
35	28	1218	2.78599	Raigrás+TB+L (3° año)	3	NO	0.29	0.29	0.29	0.29	Primario	25	524.287275953539000	2.273124679442370
28	28	910	5.82915	Moha (anual)	1	NO	0	0	0	1.16	Primario	25	949.416902922508000	0.376980935297315
17	31	487	2.31747	TR+TB+Raigrás (1° año)	1	NO	0.29	0.29	0.29	0.29	Terciario	10	29.225726440991100	0.935610363526004
17	32	488	2.77694	Alfalfa (4° año)	4	NO	0.29	0.29	0.29	0.29	Terciario	10	179.285378314730000	0.818557847787936
26	31	833	17.08515	Raigrás+TB+L (3° año)	3	NO	0.29	0.29	0.29	0.29	Primario	25	225.054629624813000	1.194060319879400
02	13	24	3.27393	Alfalfa (3° año)	3	NO	0.29	0.29	0.29	0.29	Primario	25	1532.867563598230000	1.207269413690820
37	33	1316	7.28225	FE+TB+L (2° año)	2	NO	0.29	0.29	0.29	0.29	Terciario	10	62.635299004522700	0.426077480359775
25	36	793	13.84170	Sorgo Forrajero (anual)	1	NO	0.58	0	0	0.58	Terciario	10	701.335564548560000	1.142477452204380
24	28	726	13.79938	TR+Cebadilla (1° año)	1	NO	0.29	0.29	0.29	0.29	Secundario	15	1633.742340764990000	0.505281590300237
24	30	730	5.89861	Lotus Puro (3° año)	3	NO	0.29	0.29	0.29	0.29	Terciario	10	382.779726207094000	0.502102246651283
24	31	732	3.20219	TR+TB+Raigrás (1° año)	1	NO	0.29	0.29	0.29	0.29	Terciario	10	650.931885079367000	2.631087481975550
09	26	197	8.41451	Alfalfa (2° año)	2	NO	0.29	0.29	0.29	0.29	Primario	25	1132.453287502160000	0.644879046748293
09	27	198	4.33010	Maiz (anual)	1	NO	0	0	0	2.23	Primario	25	1364.540641962700000	1.707880786309640
25	37	795	22.52241	TR+Cebadilla (1° año)	1	NO	0.29	0.29	0.29	0.29	Terciario	10	230.727045782993000	1.398443838977910
39	59	1446	11.60466	Lotus Puro (2° año)	2	NO	0.29	0.29	0.29	0.29	Secundario	15	501.512692165488000	0.845607625421628
39	60	1447	10.94881	Raigrás+TB+L (3° año)	3	NO	0.29	0.29	0.29	0.29	Secundario	15	553.698978215327000	1.534660181661780
39	61	1448	1.94906	Alfalfa (4° año)	4	NO	0.29	0.29	0.29	0.29	Secundario	15	349.123505290978000	0.535094321543432
29	37	972	6.45614	Sorgo Forrajero (anual)	1	NO	0.58	0	0	0.58	Terciario	10	287.149085411139000	1.863781169056890
40	30	1505	15.18999	FE+TB+L (4° año)	4	NO	0.29	0.29	0.29	0.29	Primario	25	1166.756606366200000	1.963547494414070
40	31	1509	20.59739	FE+TB+L (4° año)	4	NO	0.29	0.29	0.29	0.29	Primario	25	1301.398779880060000	0.791147263728873
40	30	1507	0.45339	FE+TB+L (4° año)	4	NO	0.29	0.29	0.29	0.29	Terciario	10	23.213837305917900	2.053116043408710
