Productor.C.254	POT.N.10.0	ID.N.10.0	Sup_ha.N.21.5	USO.C.254	Tiempo.C.254	FIJO.C.2	coef_oto.C.254	coef_inv.C.254	coef_pri.C.254	coef_ver.C.254	join_Clase.C.254	join_Buffe.N.10.0	distance.N.24.15	pendmean.N.24.15
5	1	58	1.92105	Moha (anual)	1	NO	0	0	0	1.16	Terciario	10	224.190610720267000	1.472529102455490
5	2	59	5.56395	Alfalfa (1° año)	1	NO	0.29	0.29	0.29	0.29	Terciario	10	349.395194145093000	0.948454105191761
5	3	61	3.57057	Moha (anual)	1	NO	0	0	0	1.16	Terciario	10	106.299947859822000	2.400407061424280
5	4	62	3.97093	Alfalfa (2° año)	2	NO	0.29	0.29	0.29	0.29	Terciario	10	310.264410663946000	1.000941766159880
5	5	64	4.99990	Campo Natural	1	NO	0.06	0.06	0.06	0.06	Terciario	10	202.142042506682000	1.881801862407610
5	6	66	4.60986	Alfalfa (3° año)	3	NO	0.29	0.29	0.29	0.29	Terciario	10	817.201870981969000	0.863940823311899
5	8	68	9.01975	Sorgo Forrajero (anual)	1	NO	0.58	0	0	0.58	Terciario	10	1113.310014314280000	1.569307632057120
5	9	69	3.21471	Sorgo Forrajero (anual)	1	NO	0.58	0	0	0.58	Terciario	10	815.951988944704000	1.813380684703590
5	10	70	5.48233	Sorgo Forrajero (anual)	1	NO	0.58	0	0	0.58	Terciario	10	929.420727206421000	1.804715101208010
5	11	71	1.39048	Sorgo Forrajero (anual)	1	NO	0.58	0	0	0.58	Terciario	10	729.417235273333000	1.154996986190480
5	12	72	3.85287	Alfalfa (4° año)	4	NO	0.29	0.29	0.29	0.29	Terciario	10	633.451923891095000	1.302140264348550
5	13	73	2.42915	Sorgo Forrajero (anual)	1	NO	0.58	0	0	0.58	Terciario	10	347.055355005489000	0.591301285558277
5	14	74	2.50783	TR+Cebadilla (1° año)	1	NO	0.29	0.29	0.29	0.29	Terciario	10	537.244746853138000	1.162156676804580
5	15	75	2.01838	TR+Cebadilla (2° año)	2	NO	0.29	0.29	0.29	0.29	Terciario	10	580.869569654440000	1.294389846532240
5	16	76	12.47079	TR+TB+Raigrás (1° año)	1	NO	0.29	0.29	0.29	0.29	Terciario	10	386.637994734539000	1.459709362053190
5	17	77	8.71801	FE+TB+L (4° año)	4	NO	0.29	0.29	0.29	0.29	Terciario	10	394.461026722494000	0.395520570393348
5	18	79	4.52358	FE+TB+L (2° año)	2	NO	0.29	0.29	0.29	0.29	Terciario	10	34.434373626359600	1.224465230516360
5	19	80	17.24683	Maiz (anual)	1	NO	0	0	0	2.23	Terciario	10	405.270939066799000	1.133527532582610
5	21	83	9.17283	FE+TB+L (1° año)	1	NO	0.29	0.29	0.29	0.29	Terciario	10	393.624018178746000	0.645201560402033
5	22	85	9.09676	FE+TB+L (2° año)	2	NO	0.29	0.29	0.29	0.29	Terciario	10	56.249281359199000	2.125642770711260
5	23	86	8.10005	FE+TB+L (3° año)	3	NO	0.29	0.29	0.29	0.29	Terciario	10	486.702747470853000	0.728136280615052
5	24	87	6.46045	Maiz (anual)	1	NO	0	0	0	2.23	Terciario	10	357.529091271379000	0.136954678728112
5	26	91	7.44418	Maiz (anual)	1	NO	0	0	0	2.23	Terciario	10	155.369724833917000	1.232401883386700
5	28	94	3.24176	Campo Natural	1	NO	0.06	0.06	0.06	0.06	Terciario	10	732.253689309285000	1.674391772295980
5	31	97	1.66915	Moha (anual)	1	NO	0	0	0	1.16	Terciario	10	177.618187406930000	0.642727239155456
5	29	95	2.60172	FE+TB+L (1° año)	1	NO	0.29	0.29	0.29	0.29	Terciario	10	914.650263707389000	0.304632601362688
5	30	96	0.84562	Moha (anual)	1	NO	0	0	0	1.16	Terciario	10	616.614222887627000	0.719996518558926
6	2	100	6.95681	Raigrás+TB+L (1° año)	1	NO	0.29	0.29	0.29	0.29	Secundario	15	1237.373721792450000	0.464284964147713
6	3	102	15.63586	Campo Natural	1	NO	0.06	0.06	0.06	0.06	Secundario	15	826.114959029616000	1.890761521824620
6	4	104	19.64521	FE+TB+L (1° año)	1	NO	0.29	0.29	0.29	0.29	Terciario	10	83.818587954145500	1.176199158489010
6	5	105	17.40102	FE+TB+L (2° año)	2	NO	0.29	0.29	0.29	0.29	Secundario	15	967.234283892982000	1.392729733425840
6	6	106	20.07946	Maiz (anual)	1	NO	0	0	0	2.23	Primario	25	613.061580354104000	0.758485808901723
6	7	107	20.07391	Maiz (anual)	1	NO	0	0	0	2.23	Primario	25	832.412686686041000	0.648249293255699
6	8	109	13.09707	Alfalfa (1° año)	1	NO	0.29	0.29	0.29	0.29	Primario	25	392.668326591655000	1.486847772366470
6	10	113	14.45619	Alfalfa (2° año)	2	NO	0.29	0.29	0.29	0.29	Primario	25	962.692990461833000	0.685123610258834
6	11	115	1.24398	Raigrás+TB+L (2° año)	2	NO	0.29	0.29	0.29	0.29	Primario	25	106.491972260931000	0.695601207869394
6	13	118	26.52247	Campo Natural	1	NO	0.06	0.06	0.06	0.06	Primario	25	291.378231499277000	0.785747120376388
7	1	122	17.01424	Maiz (anual)	1	NO	0	0	0	2.23	Terciario	10	59.224804177582700	1.349452600523990
7	2	123	8.92191	Sorgo Forrajero (anual)	1	NO	0.58	0	0	0.58	Secundario	15	583.596299742252000	1.154483590543890
7	3	125	8.16391	FE+TB+L (1° año)	1	NO	0.29	0.29	0.29	0.29	Secundario	15	867.182421083759000	0.863224250142989
7	4	126	8.40522	FE+TB+L (1° año)	1	NO	0.29	0.29	0.29	0.29	Secundario	15	747.566947937882000	0.591502672722263
7	5	128	10.10846	FE+TB+L (2° año)	2	NO	0.29	0.29	0.29	0.29	Terciario	10	61.526354206006000	0.944111433176868
7	6	130	3.33207	Raigrás+TB+L (1° año)	1	NO	0.29	0.29	0.29	0.29	Secundario	15	1058.330958643350000	0.960598689478797
7	7	132	11.26412	FE+TB+L (2° año)	2	NO	0.29	0.29	0.29	0.29	Secundario	15	865.037900861255000	0.991533544313695
7	8	134	19.00933	FE+TB+L (3° año)	3	NO	0.29	0.29	0.29	0.29	Terciario	10	2.471983570924280	1.264893286954170
7	9	136	26.94696	Maiz (anual)	1	NO	0	0	0	2.23	Terciario	10	331.144429392881000	0.789455856081335
7	10	137	13.30286	Maiz (anual)	1	NO	0	0	0	2.23	Terciario	10	644.735091310536000	0.673705674890378
7	11	138	12.29879	Achicoria (1° año)	1	NO	0.29	0.29	0.29	0.29	Terciario	10	229.850935785816000	0.896165236558792
7	13	141	10.99776	Achicoria (2° año)	2	NO	0.29	0.29	0.29	0.29	Terciario	10	238.157837654158000	0.538029632763937
7	14	143	2.83907	Campo Natural	1	NO	0.06	0.06	0.06	0.06	Terciario	10	15.053695597917700	1.573721574770440
7	15	145	1.73855	TR+TB+Raigrás (1° año)	1	NO	0.29	0.29	0.29	0.29	Terciario	10	77.022505819590500	0.379501677657429
7	16	147	10.41269	Sorgo Forrajero (anual)	1	NO	0.58	0	0	0.58	Terciario	10	1143.387496822870000	0.702554724808050
7	17	148	4.54226	TR+TB+Raigrás (2°año)	2	NO	0.29	0.29	0.29	0.29	Terciario	10	773.294728649755000	0.456617348036676
