Productor.C.254	POT.N.10.0	ID.N.10.0	Sup_ha.N.21.5	USO.C.254	Tiempo.C.254	FIJO.C.2	coef_oto.C.254	coef_inv.C.254	coef_pri.C.254	coef_ver.C.254	join_Clase.C.254	join_Buffe.N.10.0	distance.N.24.15	pendmean.N.24.15
39	1	1361	22.59041	Maiz (anual)	1	NO	0	0	0	2.23	Secundario	15	298.574827568272000	1.543159320980190
39	2	1363	25.16208	TR+Cebadilla (1° año)	1	NO	0.29	0.29	0.29	0.29	Primario	25	328.673990360932000	1.910849195676340
39	3	1365	22.13334	Maiz (anual)	1	NO	0	0	0	2.23	Primario	25	393.853731438101000	1.776673395492010
39	4	1367	19.55412	Achicoria (2° año)	2	NO	0.29	0.29	0.29	0.29	Secundario	15	33.530356885218500	1.966221082836530
39	5	1369	23.93532	Maiz (anual)	1	NO	0	0	0	2.23	Primario	25	881.551627080757000	1.620192499559250
39	6	1371	35.13564	Campo Natural	1	NO	0.06	0.06	0.06	0.06	Primario	25	13.421274681355700	1.292554358757720
39	7	1372	8.63286	Raigrás+TB+L (2° año)	2	NO	0.29	0.29	0.29	0.29	Secundario	15	445.501256119647000	1.338018691416870
39	8	1374	2.77426	Sorgo Forrajero (anual)	1	NO	0.58	0	0	0.58	Secundario	15	53.140839549942500	0.592676316838591
39	9	1375	11.35515	Alfalfa (1° año)	1	NO	0.29	0.29	0.29	0.29	Secundario	15	521.919377612526000	0.902596494226944
39	10	1377	6.60160	Campo Natural	1	NO	0.06	0.06	0.06	0.06	Secundario	15	101.003984264517000	0.928785516382897
39	11	1378	7.48091	Sorgo Forrajero (anual)	1	NO	0.58	0	0	0.58	Terciario	10	710.886794261747000	1.558736541756880
39	12	1379	7.38041	Sorgo Forrajero (anual)	1	NO	0.58	0	0	0.58	Terciario	10	255.426491568206000	1.215569076221440
39	13	1380	7.66541	Sorgo Forrajero (anual)	1	NO	0.58	0	0	0.58	Secundario	15	280.050901329629000	1.950454554338570
39	14	1382	10.55896	FE+TB+L (1° año)	1	NO	0.29	0.29	0.29	0.29	Secundario	15	247.807241743807000	0.599919732091372
39	16	1384	7.86726	FE+TB+L (3° año)	3	NO	0.29	0.29	0.29	0.29	Terciario	10	146.715253929355000	2.241857740012080
39	17	1386	7.57768	Campo Natural	1	NO	0.06	0.06	0.06	0.06	Terciario	10	68.423953456914000	1.156438426003750
39	18	1387	4.46366	Alfalfa (4° año)	4	NO	0.29	0.29	0.29	0.29	Terciario	10	123.475436742094000	2.680118429660800
39	19	1389	7.75460	Sorgo Forrajero (anual)	1	NO	0.58	0	0	0.58	Secundario	15	180.878555581220000	1.859542407709010
39	20	1390	1.84566	Raigrás+TB+L (1° año)	1	NO	0.29	0.29	0.29	0.29	Secundario	15	226.199093537974000	1.564979451043270
39	21	1391	4.66252	FE+TB+L (4° año)	4	NO	0.29	0.29	0.29	0.29	Secundario	15	127.985165723410000	2.626342990077460
39	22	1393	4.49354	Campo Natural	1	NO	0.06	0.06	0.06	0.06	Secundario	15	125.782578012548000	0.996999698189589
39	24	1396	2.43657	Campo Natural	1	NO	0.06	0.06	0.06	0.06	Secundario	15	25.625328062851900	1.210404398718050
39	27	1399	8.98780	FE+TB+L (2° año)	2	NO	0.29	0.29	0.29	0.29	Secundario	15	314.102490107113000	0.412028318047523
39	28	1400	4.93333	FE+TB+L (2° año)	2	NO	0.29	0.29	0.29	0.29	Secundario	15	156.330419414068000	1.630362857471810
39	29	1401	3.94825	FE+TB+L (4° año)	4	NO	0.29	0.29	0.29	0.29	Secundario	15	411.323895465581000	1.159825681962750
39	31	1403	2.24546	Moha (anual)	1	NO	0	0	0	1.16	Secundario	15	301.490029516548000	0.673260118674349
39	32	1405	3.71353	TR+Cebadilla (2° año)	2	NO	0.29	0.29	0.29	0.29	Secundario	15	94.820948305566600	3.371627279690330
39	33	1406	3.87716	TR+Cebadilla (2° año)	2	NO	0.29	0.29	0.29	0.29	Secundario	15	301.213977648027000	1.038364540512970
39	34	1407	3.52965	Moha (anual)	1	NO	0	0	0	1.16	Secundario	15	197.997350998935000	2.275828873238910
39	35	1409	4.14785	TR+Cebadilla (1° año)	1	NO	0.29	0.29	0.29	0.29	Secundario	15	141.448731958604000	0.924900986750921
39	36	1410	6.57805	FE+TB+L (1° año)	1	NO	0.29	0.29	0.29	0.29	Secundario	15	303.262155274490000	0.889797729253769
39	37	1411	3.48867	Moha (anual)	1	NO	0	0	0	1.16	Secundario	15	331.240687940701000	0.574110699005616
39	38	1412	6.11030	FE+TB+L (2° año)	2	NO	0.29	0.29	0.29	0.29	Secundario	15	136.786315900036000	2.452973466685840
39	39	1414	5.28843	Alfalfa (2° año)	2	NO	0.29	0.29	0.29	0.29	Secundario	15	2.123171646062670	1.904437131665900
39	41	1418	5.84001	FE+TB+L (3° año)	3	NO	0.29	0.29	0.29	0.29	Secundario	15	65.329991425164400	2.554145389236510
39	42	1420	5.39613	FE+TB+L (3° año)	3	NO	0.29	0.29	0.29	0.29	Secundario	15	29.322282111084000	1.803255086315090
39	43	1422	12.64379	Lotus Puro (3° año)	3	NO	0.29	0.29	0.29	0.29	Primario	25	597.956780017569000	1.793816757348210
39	44	1424	12.74863	TR+TB+Raigrás (2°año)	2	NO	0.29	0.29	0.29	0.29	Primario	25	854.974560722917000	2.549201336841210
39	45	1426	33.50488	Campo Natural	1	NO	0.06	0.06	0.06	0.06	Primario	25	540.327633336186000	1.370549876333250
39	46	1428	13.96466	Raigrás+TB+L (1° año)	1	NO	0.29	0.29	0.29	0.29	Primario	25	208.887712538220000	0.574163582998437
39	47	1430	9.47133	Campo Natural	1	NO	0.06	0.06	0.06	0.06	Secundario	15	79.116574545109700	0.987908951583363
39	48	1432	51.23215	Campo Natural	1	NO	0.06	0.06	0.06	0.06	Primario	25	246.965353677475000	0.399795822198139
39	49	1433	8.40113	Moha (anual)	1	NO	0	0	0	1.16	Secundario	15	243.513890123364000	1.537806134161200
39	50	1435	6.19708	Campo Natural	1	NO	0.06	0.06	0.06	0.06	Secundario	15	48.949679522463400	1.528165528739710
39	52	1438	4.36651	Alfalfa (4° año)	4	NO	0.29	0.29	0.29	0.29	Secundario	15	96.358289058448200	1.290028786172670
39	54	1440	6.87261	TR+TB+Raigrás (1° año)	1	NO	0.29	0.29	0.29	0.29	Terciario	10	464.888663199143000	2.144731116138010
39	55	1441	3.05672	FE+TB+L (4° año)	4	NO	0.29	0.29	0.29	0.29	Secundario	15	249.334891731265000	1.834850039212930
39	56	1443	4.74395	FE+TB+L (2° año)	2	NO	0.29	0.29	0.29	0.29	Secundario	15	40.894372067933000	1.403451927292810
39	57	1444	6.38822	TR+TB+Raigrás (1° año)	1	NO	0.29	0.29	0.29	0.29	Terciario	10	591.685350599801000	1.945972545693320
39	59	1446	11.60466	Lotus Puro (2° año)	2	NO	0.29	0.29	0.29	0.29	Secundario	15	501.512692165488000	0.845607625421628
39	60	1447	10.94881	Raigrás+TB+L (3° año)	3	NO	0.29	0.29	0.29	0.29	Secundario	15	553.698978215327000	1.534660181661780
39	61	1448	1.94906	Alfalfa (4° año)	4	NO	0.29	0.29	0.29	0.29	Secundario	15	349.123505290978000	0.535094321543432
